14,21,0.026931133209208064
13,4,0.6105980303420221
21,11,0.6516357965959277
8,14,1.4017376886791615
20,27,1.408096168319957
12,32,2.921577155781708
33,9,1.0825674604316353
34,6,0.3430858675799495
0,23,0.1296644382163595
4,6,1.4776802417978805
3,2,0.7852831811192176
1,31,0.017819447378473238
4,3,0.5770443010864866
28,25,0.303928796754907
36,15,0.9310521959806055
31,23,0.10015434155058181
16,24,0.2758585275421347
20,33,0.6064230844470666
39,27,1.6848285057029195
5,34,1.3159123268235966
20,39,1.0329218600383345
19,6,0.4299736354138809
21,10,3.0359208234672943
6,36,1.134182484450191
34,18,0.010624787762353583
25,9,1.2203915935715914
1,1,1.4111684818505796
12,23,0.7154765447316187
4,27,1.1405818997834458
28,16,0.28911239142144113
27,5,0.9331819174057285
11,21,0.022934384873207644
19,33,0.541311577529891
9,12,1.7712858060509622
5,35,0.3167245705903272
32,32,1.4437825489417193
34,11,0.3543376971775135
26,17,0.45354688962962825
0,7,0.740145504506333
25,31,0.15623388220370102
17,32,0.6716957419838542
23,2,0.9112513685206083
31,7,0.28407523133827894
0,22,0.10106068698067265
12,10,0.9218217049397803
3,15,0.24858842858608582
14,3,0.2928218438465166
25,35,1.4600952758694596
7,15,1.443559200722854
34,30,1.1023052453514914
32,8,1.3692373895526384
2,29,1.2171205076986176
26,27,0.4446842354368209
36,10,1.4773780961027692
35,3,0.5166291284911582
39,35,1.0807084774862352
23,29,3.0084494498034493
21,39,1.4110183293609069
9,22,0.3488205090111316
36,8,1.388381352683261
1,17,0.45533738558819287
29,3,0.7552536508329458
25,33,0.7525784669240112
37,12,0.7843021757504026
0,26,0.5066588869257028
2,0,0.37564745067513433
12,2,0.7984635270924769
14,4,2.041454116182595
4,5,0.4277201854320771
27,12,2.216137248883118
22,36,0.7532083536641077
1,39,0.9644659938054244
11,32,1.7186088901869745
7,32,1.638110873970716
23,24,0.5418331514973556
31,31,2.2258869822694503
21,20,0.4655502706381513
22,10,0.8592662090853963
22,3,0.09176987197778448
2,2,0.3845576741945454
0,32,1.2493361029741368
4,28,0.8730394456908273
19,7,0.3531904971117778
4,30,1.3438330711109536
0,12,0.3166025390530778
30,9,1.1413208972450564
39,16,0.29873064634004953
24,20,0.18242710976371085
36,16,0.38295039524015345
36,26,0.6875941930212102
36,4,0.5227384891498783
12,38,0.5891636890578549
1,38,1.3933867393110857
11,12,2.12787539715573
32,1,1.8314350847197576
2,28,0.5631291794551452
39,28,0.360258565408259
