38,8,1.9006627274798342
21,35,2.5310949016595607
8,5,0.30689573083729893
11,35,0.48772640197926165
22,9,0.5357734430646964
27,22,0.9933138966270973
29,32,0.9158025539508323
1,21,0.22057047362039853
12,11,0.7047943113651451
31,26,1.1027683456543143
10,9,0.5682927350046687
28,11,0.9653963328304253
26,20,0.41455619900366425
34,25,0.15777848366079242
30,24,0.5864439906688315
19,2,0.6007229683826782
15,6,0.6531133607598179
2,24,0.2054432554921925
39,5,0.5516643999192642
10,21,0.5520242338744322
8,29,1.6789591054807205
21,22,1.1545510855515144
25,24,1.0468606818099215
38,31,1.7468493215746705
0,1,1.4016424081227181
13,36,0.9653479450389291
3,21,0.4375511143092333
25,12,2.3888979324806905
20,13,1.6634354140956389
29,10,1.9876019031203793
25,0,0.4357087168645444
8,6,0.10608344663661502
17,1,1.047482957790587
39,3,0.05484097362706715
32,25,1.095504535574615
27,19,0.35366409702570545
5,33,0.9356028311473299
19,39,0.04201598975222183
27,14,1.7994666264691737
13,24,0.2628408407073389
18,22,0.7917180104307693
19,25,0.22835592404334448
35,2,0.2660627305531169
38,3,0.9631730825489889
11,3,0.6242619111112705
9,27,0.4904754187766034
2,14,0.3586501020745984
19,29,0.28422054404238273
23,16,0.9343897028130932
22,15,1.9086844822244549
9,16,0.6242295263295939
8,16,1.0588036186511007
27,23,1.8187185416907754
1,8,1.3747227990073103
34,36,1.0643424329779583
19,5,0.17403910978267145
12,15,2.425509119263863
5,37,0.31269511436511177
21,6,0.18546639313033997
39,38,0.21478569223020821
15,5,0.2250213768063051
25,36,1.4391947114686694
11,36,0.43387274054789543
37,2,0.5349560741775705
35,17,0.07508307229245233
26,16,0.37235798985369706
38,12,1.782870386267955
30,22,1.0399915291918274
26,10,0.7577542023609596
28,6,1.1199753169036106
29,7,1.6007408932562308
18,0,0.7067264623595075
8,2,1.3570853167242074
34,17,1.464559559849675
23,21,1.1718542844675865
35,21,0.6607231157236798
36,18,0.8879483746780586
25,5,0.0626696410846297
11,1,0.9232311505270993
39,17,0.3038690130240831
33,7,0.635709716147037
