26,24,0.7100626368766992
12,26,0.38299795839876405
26,0,0.21225933014956683
24,13,1.2122220604133642
4,20,0.4473100929875721
15,16,0.6499560597097869
13,1,2.075739421182708
0,9,0.5831522756544169
18,8,1.5434381041017113
36,21,1.0287846833035048
8,9,1.178553289558764
19,24,0.5003920376823969
8,30,0.3545104371409299
32,20,0.5039252463806142
33,39,0.8043634232194166
21,1,2.5570473541710568
14,26,0.39568322002975137
7,20,0.6657509748228598
8,34,0.6034354498618004
37,18,1.1473375569277477
32,22,0.7362926582807388
25,6,1.6551529341077351
11,22,0.6808736822901293
33,4,1.4995930145600225
10,4,1.6500210793508032
17,9,0.7941051063502029
38,33,1.5923715894562114
23,32,2.7905715231493464
8,32,1.158001549870168
4,24,0.9367264377012816
35,13,0.6909721280033634
16,29,0.532409665845632
26,12,0.9665539445673451
4,15,0.7853643023197747
6,3,0.0011913515294401794
33,17,1.2215506091911947
15,19,0.8863910758602618
13,39,0.2605025730536911
20,29,0.3712306428589885
29,19,0.5855840702863108
36,0,0.31252589894542687
30,2,0.44291541407122015
32,35,1.0690839169183564
16,0,0.14441590770246102
9,25,0.428713709862688
2,26,0.8371626170616717
35,8,0.22843352521570712
4,34,0.647409799417681
34,16,0.1989359503251115
7,8,0.4225665761116918
25,11,0.247844042098525
9,8,1.1026054940022612
34,24,0.6514307849480748
22,26,1.4353355021685075
19,0,0.18071584157922235
38,14,1.6677894333265662
18,31,1.9045859533448515
18,20,0.8659890414232008
8,25,0.6579178402848443
31,0,0.40312514396876964
31,27,1.397718444227296
34,3,0.6220060336887128
14,19,0.745510645394964
9,32,1.88208805749501
30,38,1.4320462650499106
5,26,0.7453868618213996
15,23,1.0027314269463732
35,0,0.19015602790864483
12,8,1.52196924295547
20,14,1.2324395268433683
2,22,1.3236440888815098
15,18,0.6195154769512067
0,5,1.0412087622991755
37,14,0.9796663750897079
39,14,0.8348439643345346
9,38,1.104296574992469
0,4,1.2372108865988474
4,29,2.034659784345564
12,5,0.9245710015282251
13,9,0.9124879674590697
15,3,0.45391299220684866
23,9,3.211674561098034
24,27,0.6918543160367326
26,9,1.049786385727992
15,22,0.5990956157508148
22,0,0.09806855547100518
35,26,0.3882281567040868
35,39,0.4630377412396797
12,29,0.8068547042616839
37,24,1.0173532522341
38,20,0.5106855449369777
18,24,0.3079690548102108
18,29,1.2636749955584716
4,36,0.5093669590672376
6,35,0.6081010070110383
14,34,1.4962236408805167
7,27,1.3390595409431731
15,37,0.3952902310215023
36,24,0.7008303951697952
8,13,0.4561175047630058
24,38,0.7152597830127506
16,17,0.46183615376403797
29,39,1.1396249772269282
33,10,0.675045188489129
