19,35,0.19044342337807849
10,15,1.5636859239939578
10,38,1.222900165568255
27,34,1.2085946555666278
36,36,0.3921418605580108
25,29,2.5670399115907667
6,13,1.989795831717149
22,1,2.6354466533777505
23,30,1.668686740486889
3,33,1.026324728944966
37,27,0.5260870751171385
27,36,1.2723742337428128
20,7,0.9882600431667857
14,18,0.662140551450867
18,25,1.0183743627430777
23,27,1.8851090886577055
6,15,1.5914029426328204
0,19,0.4680690362506731
28,19,0.19034993067071132
1,26,0.9365710015637265
11,37,0.12131092586848674
0,18,0.342681993946484
21,9,1.3262845962768686
13,0,0.06567292025474601
11,33,0.4881740460243525
30,34,0.4606771507915294
27,38,0.9039909905782318
3,7,0.9699809477628095
27,35,1.2994221317403287
18,27,2.415430434462492
9,18,1.4193335928230497
19,26,0.3965122610421921
12,27,2.7211342766446767
13,20,0.10058615497264822
5,21,0.08639764615290733
20,8,0.9563388181092989
20,25,0.7834297956119616
26,1,0.40399016944851995
28,12,1.8885451524209067
3,28,0.44472772323627036
15,25,0.5423586746273931
23,12,2.542790728223871
14,37,1.2614588839948997
31,2,0.8257488315394839
0,6,0.7362000920177121
20,37,0.5552898228295426
2,35,0.3047600210307967
7,19,0.4563350810854543
5,1,0.9176744105085588
33,2,1.0030274164551385
33,11,1.0162534159846914
39,37,0.21527999701844597
2,9,0.5057938246009138
39,9,0.7970905749202062
6,20,0.4802312227461353
32,7,0.6963308948941158
5,5,0.0677511282135831
36,30,1.7076619776349724
17,10,1.2263417906605398
37,19,0.15742620561532467
5,18,1.0775239250978907
26,36,0.30208755630756146
35,19,0.10117813576771573
10,18,0.6538050737930636
27,29,2.412612731127914
19,21,0.9642680116439146
18,5,1.3259698437342906
28,24,0.421843678232653
20,10,0.3963525319214634
15,28,0.8254784429513307
22,4,1.1092933170680122
38,34,1.2316866125628119
24,9,1.5058492201161395
37,0,0.33593154612640275
8,1,1.5613995143120072
10,20,0.47246426974744704
28,5,0.03359636584406882
35,4,0.9886996857633268
25,3,0.11103616081158184
5,13,1.7008068186443617
31,19,0.28900507666242137
14,1,1.268116560444876
33,16,0.12718025802241487
16,8,0.6655280271543327
33,25,0.1098013164904751
2,19,1.009618204040685
37,35,0.898804203470922
5,19,0.4333520767291617
26,21,0.14992488514404714
10,29,1.5708945557426817
7,0,0.36803404150620006
21,33,1.6185599405749702
7,37,1.7798011560356295
9,7,0.13813638569024297
28,18,0.4772439473724434
11,34,1.4028163882774431
14,17,0.6478002770250417
2,37,0.1376852724044353
15,9,0.6568288414719021
19,36,0.4740578050727575
26,5,0.3862172668159192
7,10,2.398188376720341
21,8,0.9570774015811565
26,26,0.19390564353490825
19,13,1.6641746755001796
7,26,0.2637595834808724
32,12,1.4926727597999077
12,37,0.5671024957372602
3,13,1.3121396516976445
35,11,0.08242272951022653
37,26,0.42695865825196216
32,33,1.082048462024577
13,34,1.3383423941043018
2,18,0.17869172273685802
33,31,0.2308310762411075
2,7,0.9560465140851112
13,21,0.46478337189659696
31,28,1.4587635304260953
