12,30,1.3598797542522918
23,36,0.6159184935196884
6,32,1.4615656756325754
18,28,0.4512117554506866
30,18,0.5339867258697962
12,19,0.8229749581172341
12,24,0.8473421598884071
4,17,0.9680323063105574
14,38,2.1448822354982564
3,31,1.1882886734293379
22,6,1.1302756009277053
10,27,0.89263967259262
30,0,0.046297008104570526
9,6,0.5597154529716276
11,24,0.3497606303212912
22,32,0.10312360742304895
16,36,0.9255322211044875
31,39,0.8099895178226548
29,2,0.9620629462414665
27,32,0.07354227928235352
2,11,0.5125504860436527
11,11,1.029374371030706
27,30,0.555927232236251
11,18,0.2879359901157065
23,38,1.0880006536343132
28,33,0.9326476210300707
14,30,1.4397808514882056
0,13,1.7729814886053237
0,24,0.4563932839408839
19,17,0.8451883115595639
20,38,0.3853313831956567
28,29,0.6088196751124231
19,22,0.5855648644476681
22,19,0.40425016891051985
14,27,0.583560023035188
31,21,0.2750159753642276
22,29,1.424798207023671
1,14,0.9430396831813699
0,30,0.32738602047585197
28,15,1.1233606751241332
10,37,0.7634461110512499
0,21,0.4647514308416139
4,14,1.3941360554081854
6,23,1.1593084745933973
5,7,0.9041506341304922
1,13,0.7696684996994364
6,28,1.1380796665867987
21,21,0.767741217438023
35,16,0.8280717834813849
34,26,0.5818698347835264
21,13,1.5031124717593838
37,28,1.5062770812670498
32,26,0.8567546092749565
4,32,1.2561762050103156
22,35,1.3680974267580432
6,16,0.8069866277586355
0,10,1.3205082366501837
15,26,1.2285966972461035
30,6,0.45260422402363154
34,15,0.6471534561610627
11,2,0.9506348445113093
4,0,0.15959052870872595
20,5,0.8650098868758238
6,10,1.0201156271812506
32,18,0.7046626033099421
22,20,0.24103638645235265
11,19,0.2361579936075507
9,3,0.6777691858076822
24,11,1.436403806880589
10,28,1.79682657725015
0,33,1.3239882768394344
3,6,0.4824541383716517
37,23,0.9213802404721472
32,11,0.7167318668460065
12,18,0.16064190610597798
32,14,1.0692313023180833
38,32,1.3953313513127508
6,37,1.4340704356195668
13,7,0.5426802824915227
26,13,0.3636675635472591
10,10,1.1970704418677307
10,13,1.0929040707501931
35,30,0.044604336779902616
13,18,0.5184071868258455
38,19,1.0807630321284605
29,8,0.4014179530826565
39,2,0.16990531917746626
21,0,1.1417173953075381
34,2,0.5204597353246248
12,21,0.5713140633066248
10,19,1.5443642313152324
27,13,0.5767682070317078
25,22,1.6378936511442452
6,25,0.5480992210688977
12,34,1.2022313253893595
31,16,0.774291729402893
31,30,1.0039468665661018
