38,8,1.9006627274798342
11,29,1.2686332528571949
19,4,1.4035729078688688
39,18,0.425050369120013
36,30,1.7076619776349724
6,20,0.4802312227461353
10,38,1.222900165568255
19,32,0.1271495913429654
20,22,0.07203155721409601
25,37,0.1729970603290086
12,11,0.7047943113651451
5,32,1.2069920518469552
18,26,0.5932018930919684
34,37,0.35954357633066314
20,31,1.3551925232746966
25,29,2.5670399115907667
10,21,0.5520242338744322
37,27,0.5260870751171385
38,15,1.5710920747381847
15,8,0.9924341061416613
1,19,0.995608892252007
20,7,0.9882600431667856
0,1,1.4016424081227181
28,2,0.3164426415778829
38,34,1.2316866125628119
25,0,0.4357087168645444
8,6,0.10608344663661502
19,30,0.34434738588930375
21,37,0.7729977043388636
27,19,0.35366409702570545
5,33,0.9356028311473299
17,6,0.0848713120061484
12,36,0.7951319193901929
18,22,0.7917180104307692
0,18,0.342681993946484
19,25,0.22835592404334448
16,8,0.6655280271543327
33,25,0.1098013164904751
5,25,0.734812298861599
13,0,0.06567292025474601
5,19,0.4333520767291617
22,15,1.908684482224455
30,4,1.0114834355358426
27,38,0.903990990578232
20,15,1.9608306954966432
10,29,1.5708945557426819
27,23,1.8187185416907756
28,18,0.47724394737244347
7,0,0.36803404150620006
1,30,0.8349909920276601
19,5,0.17403910978267145
15,9,0.6568288414719021
2,37,0.1376852724044353
13,19,1.2405249619458893
32,30,0.820994316627211
7,10,2.3981883767203405
0,29,0.6432225717891759
26,26,0.19390564353490825
11,36,0.43387274054789543
5,21,0.08639764615290733
3,28,0.4447277232362703
26,5,0.3862172668159192
15,25,0.5423586746273931
4,37,0.009410015759965057
14,37,1.2614588839948997
38,11,0.8778303600790524
7,29,2.46583248432694
7,4,2.7815882753945833
5,20,0.35719941321320475
18,14,2.1198396273459843
2,35,0.3047600210307967
7,19,0.4563350810854543
13,20,0.10058615497264822
32,33,1.082048462024577
15,31,0.790547796766242
23,21,1.1718542844675865
8,22,1.3430846538140142
1,27,0.028584985224833073
18,3,0.6505675147307577
27,33,0.824852891159843
35,21,0.6607231157236798
39,4,0.2919349497769939
39,32,0.374145649792534
33,7,0.635709716147037
2,7,0.9560465140851111
