10,14,0.6480630854592166
15,12,1.2605192178854099
14,10,1.4636984258101517
22,27,1.1751132354640428
29,30,1.0734925565498146
29,16,0.30948946643804237
35,7,0.8915564497224564
13,11,1.6463893715566076
26,31,0.17918554505802148
16,38,0.2588370008397434
31,35,0.1405765042974315
4,2,0.8608364234043897
15,21,0.009659858435464607
25,20,0.17646014295461862
19,1,0.4364284177551464
33,32,1.9853020590099326
7,6,1.4466337697012082
15,30,0.7783531362872494
8,28,0.24480028200732454
24,28,1.423480680052978
14,0,0.5345036384718393
33,1,1.3892012096275952
0,16,1.0335401550336858
23,14,2.9027265839820435
30,11,0.3164267131358671
27,39,0.8812670360725154
25,25,0.6476180445879458
10,23,0.5284879515560279
27,26,0.6307569023740167
12,4,2.0673359141138103
16,13,0.5885380423064664
1,32,0.913729206593017
37,7,1.0542785096427116
4,39,0.610276896471302
10,31,0.8239856284446281
22,13,1.3845091510870537
8,4,2.082512004026626
14,7,0.7611640175786936
7,1,1.4981110185204356
30,19,0.710541682049181
4,12,1.7646597019406756
25,28,0.4279652945384954
37,9,0.683317321838909
23,35,0.7335090609006398
4,19,0.06176984108733885
8,35,1.8194311994948462
24,1,2.5217118573652937
12,17,0.18674467489680951
5,8,1.0511637825885118
5,36,1.0572805248544068
9,34,1.770262074328996
14,25,0.42655202914484686
26,28,0.4808012295724571
12,0,0.44670848556579057
9,1,1.255040608959459
13,10,2.1533578519818595
16,15,0.39488832514481575
7,35,0.8909292513279045
26,33,0.6450449858114248
13,29,0.8025655660329827
25,13,0.8758866417224426
17,35,0.3576278221268479
16,23,0.5495435326461919
9,15,0.17670645489281725
