33,3,1.257050564375853
19,0,0.18071584157922235
10,36,1.021481715756135
4,32,1.2561762050103156
3,38,2.695740576187709
18,28,0.4512117554506866
12,30,1.3598797542522916
6,16,0.8069866277586355
18,20,0.8659890414232008
4,20,0.4473100929875721
29,4,2.029081059182593
30,6,0.45260422402363154
29,24,0.16537206619153982
3,26,0.746340933430857
31,10,1.931416421894372
25,22,1.6378936511442452
28,28,0.18858205919902069
14,39,0.776910000174977
21,5,0.5743275256285544
29,21,0.612989823710856
38,18,0.825744810431384
5,17,0.7801404468165815
16,18,0.489535273666438
22,20,0.24103638645235265
21,36,0.7220487514756366
28,3,0.27235256125818263
35,0,0.19015602790864483
36,32,1.6877619745591659
10,3,0.8872214946851341
31,9,1.5822513396637712
1,10,0.3290215045556946
24,11,1.4364038068805893
0,5,1.0412087622991755
32,20,0.5039252463806142
2,1,0.6411030097514104
37,15,0.893664342532623
34,16,0.1989359503251115
8,34,0.6034354498618004
39,14,0.8348439643345346
29,22,1.1122247912737726
32,36,0.705635209384226
11,19,0.2361579936075507
38,17,0.34065920672630157
1,29,0.8905850323571989
22,28,2.0054725846049086
4,18,0.034767438818652095
30,12,0.9635565284224515
10,32,0.7214796186260193
15,22,0.5990956157508147
30,3,0.5940040710397608
8,0,0.36788164680706353
7,30,0.6011445348943988
14,6,1.4402546920479775
7,39,2.2904730988754785
6,6,0.6497332357388024
8,27,0.8901009304665601
4,15,0.7853643023197748
26,12,0.966553944567345
21,7,0.9889525019361969
29,8,0.4014179530826565
15,19,0.8863910758602618
26,13,0.3636675635472591
23,33,2.1673345733769502
10,2,0.19112781413168506
20,29,0.3712306428589885
14,31,0.413704812868794
12,21,0.5713140633066248
9,25,0.428713709862688
0,30,0.32738602047585197
14,34,1.496223640880517
31,20,0.8310232513928676
27,13,0.5767682070317078
7,8,0.4225665761116918
1,18,0.06494581906250277
6,28,1.1380796665867987
24,38,0.7152597830127505
24,31,0.763010794987612
12,34,1.2022313253893593
22,26,1.4353355021685075
9,36,0.054874441892906425
31,30,1.0039468665661015
