9,28,0.6445452383639843
29,23,0.6988380269974439
38,4,1.0799859113998065
34,5,1.0353971076316084
19,37,0.006380034999853823
5,22,0.37759229525583043
21,11,0.6516357965959277
13,4,0.6105980303420222
20,27,1.4080961683199573
20,16,0.2502588823917028
1,35,1.0940179879149365
33,9,1.082567460431635
34,14,1.0855599491596515
23,20,0.41641966043443124
34,10,1.252228827948045
21,39,1.4110183293609069
12,1,2.1277705982506157
33,21,0.5074537381173865
36,22,0.17343618340195532
28,35,0.41320644171777665
28,22,0.8502087228063279
5,15,0.652078707253605
10,8,0.892849098559856
24,16,0.7105665724080505
20,11,0.7353322221353982
3,3,1.015408178656024
34,12,1.6170324224284753
29,1,2.5484248833956875
4,26,0.7558024970652634
28,25,0.303928796754907
31,23,0.10015434155058181
20,33,0.6064230844470666
25,33,0.7525784669240112
1,3,0.03130126623910815
20,1,0.7961311028606926
12,2,0.7984635270924769
34,32,0.5349652507138825
2,10,1.005177691161791
30,37,0.740209322227812
23,24,0.5418331514973556
16,27,0.06861531733099256
15,32,1.0796457395581815
14,32,1.9835724111808128
12,7,1.4626380106864536
27,5,0.9331819174057285
14,24,0.6760810828836014
8,19,0.5014886696877293
26,4,0.737753111609407
13,28,0.8845452027574551
6,39,0.8226812984185672
36,26,0.6875941930212102
17,32,0.6716957419838542
36,4,0.5227384891498783
22,17,0.5789617754938642
2,27,0.7137507609587193
14,11,0.9293704537311415
39,20,0.47198635305184367
12,28,0.027992451929435364
2,33,1.3790821721312327
35,37,0.01146115758049643
18,10,2.195533473508482
13,25,1.265057655648226
25,35,1.4600952758694599
15,11,0.4939707395492928
16,39,0.3597539361084219
35,25,0.435848658317135
20,4,0.9343111290700735
21,27,1.2933434070049081
26,38,0.9055835639258475
2,28,0.5631291794551452
