12,13,2.542527426828472
30,15,0.6607120788522425
4,38,0.8351588951384497
34,39,1.153497006382679
34,30,1.1023052453514917
0,34,1.598601787319607
38,27,2.263968744981933
28,32,1.2959759542798812
2,31,0.5887231814327545
14,21,0.026931133209208064
6,9,1.809482714242291
26,27,0.4446842354368209
38,36,1.8410070010924886
6,21,0.7358795214885931
16,5,0.5914129060003082
35,3,0.5166291284911582
34,20,0.4371621812368528
39,35,1.0807084774862352
38,25,1.5740516087145435
11,20,0.20469819311320564
22,34,0.16899890061114414
4,6,1.4776802417978805
17,31,1.0203852610586197
36,8,1.3883813526832611
6,27,0.8028038552297081
26,30,0.6599680388581616
7,12,1.2748039100540605
4,31,0.3906773556978051
31,11,1.3874388140491565
23,11,2.3815703404926674
8,23,1.7210208761506998
38,26,1.4406476148319312
33,30,1.2152710202604764
28,36,0.7170628170785395
35,23,1.2887066942357013
29,3,0.7552536508329458
11,16,0.7882077735804441
17,23,0.8879674518480518
31,17,1.3873734931505686
37,12,0.7843021757504026
5,34,1.3159123268235962
26,8,0.8432281536937541
0,38,0.9837824235950517
9,39,0.1381681757573382
26,25,0.4028965068942554
22,36,0.7532083536641077
35,1,0.6383074219152028
12,12,1.4535372130327564
21,28,0.2708567260380916
17,30,0.4713538179134812
24,10,0.9880194340905439
10,6,0.9992309536402282
15,13,1.1716243931825514
34,4,1.4862172510714993
18,39,1.730885703400871
19,33,0.5413115775298909
17,5,0.2624724324942196
19,7,0.3531904971117778
25,26,0.47300829595574534
0,35,0.6024535475446153
32,0,0.26292713313364724
31,4,2.5340221054721472
29,17,0.7667362211772386
5,9,0.6183672961499077
0,7,0.740145504506333
33,34,2.02968795913291
12,6,2.173435865151721
10,25,0.4312750572895264
37,30,0.7510012571949454
28,30,0.5899231651629139
35,31,0.6019592925920603
36,16,0.38295039524015345
34,11,0.3543376971775135
33,12,2.438132158434821
24,30,1.0126849981978423
23,25,0.9556811717360629
37,29,1.2295291222677196
2,12,1.7814286599414149
18,21,1.165781018284579
14,29,1.6946633157694675
11,13,1.7715232544584048
20,34,1.9355705832438324
12,35,1.313864512181076
39,28,0.360258565408259
35,14,0.09558775940870579
