3,9,1.423742243420213
24,12,0.7761771184202737
18,6,1.4300620516182483
7,33,3.5464203452770016
31,34,2.091925580151382
20,36,0.5725841890355767
0,0,0.4096818878826529
12,3,0.788774556286869
16,9,0.9378299762518865
8,10,2.321341593886123
36,19,1.0511827032865477
7,31,0.9695440825354281
31,33,1.812051104125142
26,14,1.9250355851214613
8,7,0.4211144182036296
5,29,0.1803906121597456
15,10,0.41189425990926365
3,18,1.4376250375014268
24,26,0.42595067549030935
32,2,0.5712773261753357
25,10,0.8955156636182684
0,28,1.4125456106407681
23,39,2.793889685142334
21,25,0.9513314026340888
4,21,0.5517036364378046
10,39,0.8279693543233216
36,6,1.3538183915502806
19,27,0.6190089899410205
33,14,1.1453377932179478
13,17,0.2838286603601309
32,31,1.3527656158927344
36,5,0.6819696220301178
28,34,0.8234325811678943
36,27,1.387061354038151
23,3,0.01897092467800332
18,16,0.6728088652619763
21,16,1.1867687504234306
11,9,1.2786585579055618
12,20,1.2975786524025887
25,27,0.9567380381644961
7,23,0.4034750972393262
1,28,0.9036374532453743
21,4,1.822012861401436
20,23,1.171128724682048
18,38,1.0788580091061173
14,28,0.594577720531756
4,4,0.940640065657205
17,0,1.2992900714425077
25,32,0.9408111067044089
30,33,1.1404570742542521
26,6,0.9408490359618795
22,39,0.6626306259955799
18,32,2.8894709063586217
30,7,0.4038823480508624
8,24,0.24142390758482024
1,20,0.08435967177968313
34,7,1.643032646354984
28,1,1.6611141324353624
36,9,2.175350931656929
36,2,1.0750423500879525
17,2,0.5124586353863024
17,36,1.2772251439299478
11,8,0.817096339621482
2,25,0.43505820126265293
23,6,1.673639277653523
22,31,0.6687244716100872
21,19,0.5869168983443885
2,36,0.7511104817020465
16,4,1.4037804028350283
27,10,1.7853963104647714
11,27,0.878409851415
33,35,1.2941415961325313
20,26,0.5609129018114855
19,34,0.6995263653932757
37,33,0.49567501733951913
22,2,0.26012790203551367
29,11,0.6814407797352555
18,17,0.8848970044485372
24,8,1.3120027593257257
30,25,0.06009019579259472
35,18,0.06361627969344863
34,38,1.6937845230811217
