31,28,1.4587635304260953
21,35,2.5310949016595607
2,17,0.6857028778412095
31,12,2.495406383083015
12,9,1.4756024696915504
5,5,0.0677511282135831
10,15,1.5636859239939578
27,22,0.9933138966270973
35,35,0.5648675125006604
5,23,0.2096818330247283
28,38,0.3811432702955688
23,22,1.3563610671948771
38,23,0.4031157909747025
27,34,1.2085946555666278
10,33,1.3204058902795026
22,1,2.63544665337775
6,13,1.9897958317171485
29,18,0.8811530679367269
28,24,0.421843678232653
25,24,1.0468606818099215
24,2,0.42340640889475717
18,25,1.0183743627430777
31,6,2.1595362605183586
22,4,1.1092933170680122
29,10,1.987601903120379
22,12,0.824521027221302
17,1,1.047482957790587
19,39,0.04201598975222183
15,35,0.9706538847467872
15,17,0.25350478426576417
39,3,0.05484097362706715
10,20,0.472464269747447
0,19,0.4680690362506731
35,4,0.9886996857633268
31,38,1.0137007661691702
27,14,1.799466626469174
8,21,0.5271183669157273
35,34,0.2709647477491078
28,5,0.03359636584406882
29,12,2.1904389818767633
21,9,1.3262845962768683
38,3,0.9631730825489889
11,33,0.4881740460243525
19,29,0.28422054404238273
1,4,0.46292978530955065
36,13,1.224603341811495
21,33,1.6185599405749702
9,7,0.13813638569024297
3,7,0.9699809477628095
3,30,1.1777810516202742
1,8,1.3747227990073103
34,36,1.0643424329779585
25,2,1.3406454402972952
37,16,1.1429266148001156
11,34,1.4028163882774431
16,2,0.4114816273370595
5,37,0.31269511436511177
20,8,0.9563388181092989
1,0,0.31411482390468026
25,36,1.4391947114686696
11,39,0.4668148996220258
36,7,0.7746370217312654
2,3,0.9039133612825074
12,22,1.8007521974542482
22,38,0.6446611530181763
23,12,2.542790728223871
27,4,0.990426898903338
12,37,0.5671024957372602
24,4,1.0009058498935008
38,12,1.7828703862679551
1,2,0.44223055640906117
34,1,1.359473073446855
3,13,1.3121396516976447
3,20,0.2731682305618082
26,16,0.37235798985369706
9,33,0.14857724279417256
26,18,0.8092318467139482
5,1,0.9176744105085588
33,2,1.0030274164551383
25,5,0.0626696410846297
39,9,0.797090574920206
39,6,1.001106759192376
