29,6,0.5386095459251201
6,22,0.5458721094126644
4,33,0.8941283616872854
13,27,1.006479217180214
38,39,0.5644968985403473
26,29,0.35601386914631405
32,1,1.8314350847197576
14,15,1.5043064627886977
1,37,0.9748286963799089
12,33,1.6184092241704824
23,15,1.5543932529827709
5,14,0.9865025747619914
9,19,0.4527599458599021
8,14,1.4017376886791615
37,5,1.0327252007677066
18,2,0.8346335800629858
36,10,1.4773780961027692
12,32,2.921577155781708
35,15,1.641520247538143
0,14,0.7060010880151242
31,8,1.3470045501769377
15,4,1.0408394640033074
23,29,3.008449449803449
9,22,0.3488205090111316
0,23,0.1296644382163595
2,5,0.5346368046157216
3,27,1.6370238720239874
14,5,0.5556118760730585
17,22,0.9068094286782774
19,3,0.21793828409347443
32,15,1.1328393809207704
23,18,0.7882899952018909
10,24,0.4782390825789853
37,39,0.5349878573914051
31,29,1.3186958568031648
25,4,0.488000583739785
4,8,0.747421833792287
20,32,1.8768587821262677
34,31,0.9338006225411922
21,31,1.0631462621097607
23,8,1.4412172845106426
27,9,1.3384665168425005
24,35,0.26435973113639366
20,9,0.7379976674405604
2,0,0.37564745067513433
33,23,1.3874754394608537
32,23,0.3032366507517945
6,36,1.1341824844501909
4,5,0.42772018543207707
29,38,0.7350169967362475
14,4,2.041454116182595
38,13,2.9736992408998417
1,1,1.4111684818505799
1,39,0.9644659938054244
31,31,2.2258869822694503
17,25,0.7672763961674561
7,38,1.170345585846293
19,19,0.23830130946848935
22,10,0.8592662090853962
4,7,0.5852863499475724
2,2,0.3845576741945454
16,10,0.9903500185905051
8,17,0.9838852859517029
4,28,0.8730394456908273
0,12,0.3166025390530778
24,29,1.3412111616654934
32,32,1.4437825489417193
5,35,0.3167245705903272
39,16,0.29873064634004953
35,9,0.3287237517174362
0,37,1.225973849007529
7,17,2.132791537631202
31,32,1.955147825403939
19,18,0.43750735745983893
3,8,2.290933297335929
21,30,0.2270561720157684
14,12,2.271117308787564
12,10,0.9218217049397803
0,39,1.4628562787281494
4,13,0.9671330638643543
37,17,0.5806203198588779
6,5,0.12513544371824664
16,21,0.2628887369676921
7,15,1.443559200722854
3,25,1.3308361215562643
9,5,1.1835186857626852
