34,24,0.6514307849480748
1,15,0.9589224472109198
25,39,1.0509116946450197
22,35,1.368097426758043
18,31,1.9045859533448515
0,10,1.3205082366501837
8,25,0.6579178402848443
24,13,1.2122220604133642
4,10,0.3739567197575679
13,6,0.8657452302060704
15,16,0.6499560597097869
31,27,1.397718444227296
33,38,0.5588755165732362
34,15,0.6471534561610626
11,2,0.9506348445113093
14,38,2.1448822354982564
21,2,1.1947901374949779
10,27,0.8926396725926199
13,1,2.0757394211827074
7,7,0.7228612245010706
0,9,0.5831522756544169
36,28,0.8394934584629314
4,0,0.15959052870872595
30,0,0.046297008104570526
8,9,1.178553289558764
9,3,0.6777691858076822
15,18,0.6195154769512067
5,30,0.513589571685105
35,29,0.2570939536144439
20,5,0.8650098868758238
16,36,0.9255322211044875
28,9,0.43545847643629787
29,2,0.9620629462414665
27,32,0.07354227928235352
37,23,0.9213802404721472
0,4,1.2372108865988474
39,19,0.2916642462219166
25,6,1.6551529341077351
32,22,0.7362926582807388
29,5,1.1289039206050864
10,1,2.3305935267965903
10,4,1.6500210793508032
23,9,3.211674561098034
19,12,2.4066112287496186
17,9,0.7941051063502029
26,9,1.049786385727992
21,18,0.3663411677845142
35,5,0.5456173655003231
18,1,1.2741192718024268
38,0,0.7437512886146205
4,24,0.9367264377012817
11,11,1.029374371030706
2,20,0.19536198383379078
14,30,1.4397808514882056
31,25,0.44346911670664363
10,10,1.1970704418677307
0,17,0.3307377009852617
0,13,1.7729814886053235
35,30,0.044604336779902616
38,29,1.6918844213334643
24,24,0.3411397183532352
14,33,1.5714581268996648
13,3,0.09011213449327327
38,19,1.0807630321284605
13,18,0.5184071868258455
39,2,0.16990531917746626
11,0,0.49873356974127625
10,5,0.8071207955947823
22,19,0.40425016891051985
12,18,0.16064190610597798
34,2,0.5204597353246248
15,15,1.2503481688585085
4,34,0.6474097994176808
2,38,1.435560734346689
27,1,0.90001615009915
32,21,0.5325754480157162
15,37,0.3952902310215023
33,26,0.9779106382186825
18,19,0.8283268895736774
27,27,0.7398645289290724
8,13,0.4561175047630058
38,2,0.36423869523167823
35,16,0.8280717834813849
33,10,0.675045188489129
29,26,0.7387912392218899
