19,35,0.19044342337807849
26,11,0.4148490761875854
28,23,0.5319901324544762
28,17,0.650931344154115
23,0,0.2688059976165188
22,37,1.1148431722299423
17,10,1.2263417906605398
37,19,0.15742620561532467
21,15,1.1695912541307387
26,7,0.9770711138788943
26,36,0.30208755630756146
20,21,0.5610929785982719
26,20,0.41455619900366425
19,21,0.9642680116439146
30,24,0.5864439906688315
10,34,1.2245681706726101
4,11,0.31726412365750295
2,24,0.2054432554921925
21,22,1.1545510855515144
15,34,1.1927283713483376
32,38,1.400329535873222
27,36,1.2723742337428128
20,13,1.6634354140956387
3,0,0.7759846139044152
11,6,0.9630128729374009
17,24,0.19417804947866352
6,15,1.5914029426328204
33,36,1.1819976402695542
36,31,1.4199093663685063
21,3,1.151710105322536
17,14,1.3563569771324528
33,16,0.12718025802241487
9,10,1.7006199191352267
14,1,1.268116560444876
11,37,0.12131092586848674
34,13,0.5709250261746974
34,19,0.9407716383525236
2,19,1.009618204040685
9,27,0.4904754187766034
17,37,0.05511616728243042
30,34,0.4606771507915294
26,21,0.14992488514404712
10,0,0.40583985689463375
7,37,1.7798011560356295
3,16,0.711507682617442
18,27,2.415430434462492
14,17,0.6478002770250417
27,8,0.7128211720767289
33,27,0.8893534389286146
24,21,0.33725249569942295
12,15,2.4255091192638636
35,10,0.1551061934389751
17,33,0.1637692287703769
7,13,1.4969409094399102
28,14,0.8529062501166869
15,7,0.661230624817279
35,12,1.5297887875242844
16,35,0.09001339803244394
30,22,1.0399915291918274
2,32,0.6228435348234209
29,7,1.6007408932562308
18,0,0.7067264623595075
13,34,1.338342394104302
30,21,0.5163213341976567
9,26,0.4283852198159366
33,31,0.2308310762411075
36,18,0.8879483746780586
29,14,3.1254052667927255
