9,31,0.21546000018585473
30,32,1.4657892719333372
19,14,1.1321637670494438
30,5,0.4401458667207802
6,18,0.1035611365911971
13,31,0.9460238237260387
32,34,1.0145940968375045
16,32,1.0758658990516967
28,26,0.4876569590948315
0,36,0.6150102765447063
35,36,0.8376433787878563
19,31,0.502392785042234
21,14,2.310415289163023
5,39,0.8084753394922498
4,1,0.9261306512408563
24,18,0.3135582858052687
14,36,1.0211738682873113
27,31,0.09997823933443813
6,29,0.6126868113986116
32,6,0.8540447165159571
22,16,1.1776165668486516
1,12,0.6303113885313911
17,20,0.025432350693959965
17,27,0.9127555734453208
13,30,1.0129105097106397
18,35,1.1329867999597623
27,7,0.4077513311661676
34,0,0.35509953655904325
13,2,0.5162171915940159
38,38,1.6761766577101658
21,32,1.3995958279160265
23,37,1.6458030390491123
32,39,0.507853433238265
33,6,1.1604534806452813
17,28,0.4855177685635886
19,28,0.004932701258928219
18,9,2.3495862426895173
39,10,0.39519447128036755
19,8,1.0120828188262778
38,16,1.054669692728817
10,7,1.3885503847732101
15,39,0.6971245828426121
19,10,0.8192320757966285
25,16,0.7919304351664631
7,9,1.4245636246732687
27,0,0.37000187857507255
3,22,0.9632642277718427
1,6,0.5054338253588201
16,12,1.2525435621148049
18,15,2.287471545243368
29,25,1.3495052030859123
3,23,1.577066375511546
6,14,1.008273258870805
26,2,0.7319433858945951
18,4,3.276132735100957
7,5,1.5962004051529524
37,25,0.7930969620837147
23,17,2.294371060376583
32,29,0.37551070119970226
20,18,0.1453051587575024
10,16,0.3827773969406943
1,24,0.2342042502103898
11,30,1.0561828690229382
27,21,0.8672867991485281
30,16,0.836051309765445
34,21,0.503512525986834
32,4,1.2081971727333891
32,28,0.4105739212216491
23,7,0.48842092705409734
0,2,0.45833383204533285
