8,5,0.30689573083729893
39,11,0.2348652692621337
15,2,0.5631638378725947
14,16,1.3328354927867068
1,34,0.9254802172336176
29,32,0.9158025539508322
11,31,1.1373555428747666
10,9,0.5682927350046687
28,11,0.9653963328304253
6,1,1.9374172692317033
27,29,2.412612731127914
36,36,0.3921418605580108
19,15,1.1133466540233237
19,2,0.6007229683826782
37,10,0.9512303091788675
16,1,0.5374643931342538
39,5,0.5516643999192642
23,30,1.668686740486889
8,29,1.6789591054807205
5,4,0.78507555948279
8,26,0.465158461369297
13,36,0.9653479450389292
3,21,0.4375511143092333
15,28,0.8254784429513307
23,27,1.8851090886577055
3,19,0.9161421659163269
33,15,1.6186930215071742
36,3,0.9587012266588909
32,25,1.095504535574615
37,8,0.293285141055701
13,22,0.20728291983078911
23,13,2.5362879077796423
1,26,0.9365710015637265
37,22,0.6542118540464332
30,17,0.1989521459406702
5,2,0.31641126333145564
11,3,0.6242619111112705
37,35,0.898804203470922
23,16,0.9343897028130932
14,22,1.7713057530354517
9,16,0.6242295263295939
6,8,2.1178483239994654
19,26,0.3965122610421921
12,27,2.7211342766446767
9,18,1.4193335928230497
19,36,0.4740578050727576
25,17,0.7087271982590935
39,38,0.21478569223020821
36,14,1.2213288011322663
21,8,0.9570774015811565
37,13,0.7628516736642059
19,13,1.6641746755001798
7,26,0.2637595834808724
8,37,0.1208292973281064
24,37,0.6130751315667324
0,6,0.7362000920177121
35,17,0.07508307229245233
31,2,0.8257488315394839
23,23,0.5216278985394527
28,10,1.2713149024055312
38,37,0.5227017509118931
26,10,0.7577542023609596
35,11,0.08242272951022653
1,22,0.43867926837569515
37,26,0.42695865825196216
2,18,0.17869172273685802
10,11,0.5033850220708797
34,17,1.464559559849675
33,11,1.0162534159846914
30,30,0.454111620981301
38,28,1.3702260871621
2,34,0.9655523858953291
13,35,0.6640520322909349
38,5,0.437800396464494
2,9,0.5057938246009138
33,5,0.5103816034442297
13,23,1.0662260201752214
39,37,0.21527999701844597
