2,39,0.4253598316968402
36,0,0.3125258989454269
16,0,0.14441590770246102
37,28,1.5062770812670498
12,26,0.38299795839876405
38,14,1.6677894333265662
37,20,0.3596486500179835
10,37,0.7634461110512499
39,29,0.22271549828646436
16,37,0.07196719866541954
31,0,0.40312514396876964
22,30,1.2539395551994457
6,12,1.9583211623610723
12,24,0.847342159888407
4,17,0.9680323063105574
33,22,1.5632013255877149
2,15,1.3222137519640955
36,20,0.18344598157253822
26,3,1.0070749273461794
9,20,0.6049405723701318
29,27,2.3917874245888866
11,15,1.4810671283682322
15,23,1.0027314269463732
12,8,1.52196924295547
37,36,1.0148030849044967
9,6,0.5597154529716276
9,21,0.3101845741995663
13,37,0.13167056847470082
8,30,0.3545104371409299
31,39,0.8099895178226548
33,39,0.8043634232194165
9,38,1.104296574992469
15,33,0.6028470723685913
14,2,1.3230985558468062
7,20,0.6657509748228597
21,1,2.557047354171057
37,18,1.1473375569277477
12,5,0.9245710015282251
34,23,0.375334998789362
15,3,0.45391299220684866
24,27,0.6918543160367326
39,1,0.7900154970777848
3,14,1.1864637649142953
6,37,1.4340704356195668
38,10,1.7976613235626995
8,20,0.07030661084591604
23,38,1.0880006536343132
23,32,2.7905715231493464
8,32,1.158001549870168
22,0,0.09806855547100518
39,36,1.4965005113779346
39,7,0.26698930448249336
35,26,0.3882281567040868
35,39,0.4630377412396797
33,17,1.2215506091911947
11,7,0.2545749418897869
17,21,0.0883138355800151
30,1,1.2200675302945168
2,6,0.4523063595545932
13,39,0.2605025730536911
19,22,0.5855648644476681
33,29,1.5143581896514289
29,15,3.0145004863053155
21,38,2.886842591222989
18,29,1.2636749955584716
34,34,1.0464386402087227
17,34,0.7753461834391788
5,6,1.050681141313151
4,14,1.3941360554081852
29,19,0.5855840702863108
28,15,1.1233606751241332
14,8,0.551795057976228
5,24,0.27862168139366467
10,22,1.2028140193344128
10,35,1.2766718927130114
0,21,0.4647514308416139
2,26,0.8371626170616717
36,24,0.7008303951697952
24,23,0.8009394975081878
6,25,0.5480992210688977
16,17,0.46183615376403797
25,11,0.247844042098525
34,27,0.8199823510640352
25,23,1.509219963844642
