20,12,1.635543282028658
33,33,1.259674611389282
32,8,1.3692373895526386
21,26,0.5581154972589695
9,23,0.5504925684392733
1,7,1.2576273488512562
38,35,0.579988773584313
15,36,1.3658099945716666
30,10,0.7846877609861502
2,29,1.2171205076986176
8,33,1.9063371691984976
28,13,0.851284882142465
31,22,1.6090922568751
28,16,0.2891123914214412
28,37,0.10432245046103585
17,26,0.6394739641835143
29,0,1.274336378571317
21,17,0.7746688145325713
36,35,0.9808398985558573
30,31,0.4593756945229524
23,31,1.7371067382256116
37,38,1.6560727101070547
34,6,0.3430858675799495
16,33,0.7550295239801286
3,2,0.7852831811192176
27,25,0.17315094687967628
23,10,2.2080774626961257
15,14,1.4799576941711385
24,15,1.6548870524087407
15,27,0.9748718020576509
35,6,0.48492158364742727
17,29,0.990107955354202
24,36,0.01848985285559914
1,17,0.45533738558819287
25,1,1.943408983427907
36,15,0.9310521959806054
6,19,1.3674394114787674
16,24,0.2758585275421347
31,14,1.6455890559530113
39,27,1.6848285057029198
20,39,1.0329218600383345
0,26,0.5066588869257028
30,26,0.707064576068095
1,23,1.0067318679455433
27,12,2.216137248883118
31,5,0.7315246917873488
17,7,1.5691384835634898
2,23,1.383920869190057
23,4,3.0648966100915658
18,34,2.4495074924909472
7,32,1.638110873970716
4,27,1.140581899783446
25,7,1.0227431073692759
21,20,0.4655502706381513
29,20,1.0338848513477639
24,25,0.42515063338669673
36,29,2.073017425336613
18,36,0.31181148698776234
39,8,0.6646859613588141
18,37,0.6654729908396917
38,9,2.0764909675546455
8,8,0.7387365288678858
13,32,0.8920118492739783
22,3,0.09176987197778448
17,4,0.5472726741938589
2,4,1.240207023005102
38,24,0.465823469430754
30,14,1.0509231646893435
30,9,1.1413208972450564
25,31,0.15623388220370102
11,26,0.6029850877528113
26,32,1.0173897894907213
23,2,0.9112513685206083
19,16,0.28509135293803894
0,22,0.10106068698067265
23,26,1.4605165957712118
27,3,0.3719561140330818
3,15,0.24858842858608582
14,3,0.2928218438465166
11,12,2.12787539715573
6,31,0.02305620109495037
26,22,0.5598870222809771
39,0,0.004123046157526608
22,23,0.18291167137794825
18,11,1.6154004442891399
27,28,0.20819472349897478
18,13,2.7002844634075176
17,12,0.5551629179875235
