32,7,0.6963308948941158
36,1,1.7968885091708122
11,1,0.9232311505270993
22,8,0.3561435970154289
16,30,0.605393475875337
36,37,0.6933059906068237
20,30,0.6498165725744751
22,25,0.05486725462609353
39,23,0.3213683394839249
35,19,0.10117813576771573
1,21,0.22057047362039853
12,31,0.6693783058296263
20,0,0.31349526457809374
31,26,1.1027683456543143
22,9,0.5357734430646964
35,33,0.5842050664030276
3,1,3.6577786887396537
18,5,1.3259698437342906
10,18,0.6538050737930636
11,5,0.3178670351984922
9,4,1.0615675474150181
15,6,0.653113360759818
34,25,0.1577784836607924
1,33,1.0179806664666484
5,18,1.0775239250978905
13,16,0.47036994182348624
22,18,0.15607453761792855
3,33,1.026324728944966
32,17,0.3583368213568626
38,31,1.7468493215746705
9,14,0.6425876175788934
20,10,0.3963525319214634
14,18,0.662140551450867
25,12,2.388897932480691
7,25,0.502788994840367
26,15,0.6311657281043207
24,9,1.5058492201161395
7,18,0.7609577842706864
5,16,0.5690016406101537
37,0,0.3359315461264028
8,1,1.5613995143120074
5,38,0.9664395213979804
15,24,0.09394272996955717
25,3,0.11103616081158184
31,19,0.28900507666242137
5,13,1.7008068186443615
13,24,0.2628408407073388
28,19,0.19034993067071132
20,28,0.10956782865326407
35,2,0.2660627305531169
16,34,0.4098576349728936
9,30,0.46737394880315614
2,14,0.3586501020745984
28,39,0.3373997981607903
29,34,1.1929750090331204
8,16,1.0588036186511005
27,35,1.2994221317403287
2,21,0.33436030437754727
30,35,0.2036035195304653
37,2,0.5349560741775705
21,6,0.18546639313033997
15,5,0.22502137680630513
20,25,0.7834297956119616
32,19,0.5346500136862484
26,1,0.40399016944851995
28,12,1.8885451524209067
27,15,2.3728085586604193
32,12,1.4926727597999079
37,37,0.7530149959472884
20,37,0.5552898228295426
7,14,0.751723466032281
13,14,1.1801451632664772
4,25,0.2815817407445247
33,8,1.6265956482979176
28,6,1.1199753169036106
8,2,1.3570853167242074
25,14,2.2688005174690247
11,35,0.48772640197926165
13,21,0.46478337189659696
17,39,0.7128312349643519
39,17,0.3038690130240831
21,23,1.5820257614189324
