10,26,1.1340188358971313
6,32,1.4615656756325754
6,17,0.48539163071318303
30,18,0.5339867258697962
18,33,1.3082960261906176
14,19,0.7455106453949641
30,13,2.0286855465699065
23,1,2.6229593755132594
9,32,1.8820880574950103
22,6,1.1302756009277053
11,38,1.3242518529597411
24,14,0.4721731628831001
36,21,1.0287846833035048
5,26,0.7453868618213997
3,35,0.7806743495007054
18,18,0.37016501158957227
34,8,0.631992098756821
37,14,0.9796663750897078
0,33,1.3239882768394344
29,13,2.808949676498567
39,34,0.721778624133151
39,39,0.17163921234717108
24,17,0.4028356072504551
2,11,0.5125504860436527
3,34,1.9730156207074185
28,20,0.38716142589694713
13,9,0.9124879674590696
9,37,0.8167877821802229
28,27,0.9733683517497425
38,33,1.5923715894562114
6,34,1.161639880743112
11,18,0.2879359901157065
22,24,0.05930707988208493
28,33,0.9326476210300707
26,37,0.10929908839557113
13,7,0.5426802824915227
0,24,0.4563932839408839
27,11,0.7539115785616346
10,13,1.0929040707501931
13,38,1.418878793427241
3,24,0.42675773147882845
37,24,1.0173532522341
18,23,1.1157631483264157
6,3,0.0011913515294401794
3,37,0.07240450239234376
14,27,0.583560023035188
4,36,0.5093669590672376
25,38,1.5184523080657375
30,2,0.44291541407122015
10,19,1.5443642313152324
15,29,0.8960383770952813
7,27,1.3390595409431734
32,35,1.0690839169183564
6,23,1.1593084745933973
9,8,1.1026054940022612
34,35,1.139695636786542
29,39,1.1396249772269282
