12,16,0.4596155104063961
33,24,0.5806702860577573
8,11,1.4554041915619886
39,21,0.04401434831281798
4,35,0.06715047651354368
23,28,1.5713778766731323
12,14,1.3086676567046989
8,15,0.7245273585655216
7,34,1.0116398628254273
8,36,1.568512513006811
15,38,1.1592248433237944
27,18,0.11691878959568418
7,11,0.5954000587445942
39,15,1.7219140304706388
39,26,1.3129398504462308
3,17,0.8690917075303076
18,12,1.1790229925078881
37,4,1.4548170677276047
1,36,1.3368171880450102
1,31,0.017819447378473238
20,2,0.4948143630992563
32,9,0.024058952235769628
25,18,0.35980484363092496
4,3,0.5770443010864866
35,20,0.5580580014074268
19,38,1.3237948520645957
33,0,0.05717917743878417
16,16,0.4439659905843483
0,15,0.9943813799297339
24,34,0.680792157880716
19,6,0.4299736354138809
34,28,0.420358815186826
21,10,3.0359208234672947
32,10,0.9297323352989567
14,23,0.7860382597531977
28,31,0.5415275141713144
34,18,0.010624787762353583
25,9,1.2203915935715914
22,14,1.0471598065999055
4,16,0.3535398550822984
19,20,0.19782205733226793
11,4,0.9493069223242043
0,20,0.5475872417170287
11,32,1.7186088901869745
12,23,0.7154765447316187
35,28,0.8032881749702
3,5,0.14126680472467068
3,11,0.7598077974273865
11,21,0.022934384873207644
0,32,1.2493361029741368
24,19,0.4713698420109202
9,12,1.7712858060509622
4,30,1.3438330711109536
20,19,0.48390966001013547
4,23,0.24908930510783317
26,17,0.45354688962962825
16,31,1.0454418488857533
24,20,0.18242710976371085
10,12,1.330948235157174
21,12,2.7457784876352123
12,38,0.5891636890578549
31,7,0.28407523133827894
9,29,0.8217046093833711
1,38,1.3933867393110857
16,14,0.49254783517564105
0,27,0.02308526770757674
6,4,1.4282505384595716
16,6,0.047820445343875195
6,24,0.13467923459518616
37,32,2.542336947388727
15,0,0.3565246633429813
27,16,0.2271056461842006
13,26,1.2126260045661805
36,17,1.6565942396373914
