24,33,1.3939412567294007
26,35,0.2857612675991832
34,9,0.6632390544263685
26,24,0.7100626368766992
23,36,0.6159184935196884
26,0,0.21225933014956683
35,38,1.5138875212982437
12,19,0.8229749581172341
7,21,0.931192557336626
9,13,0.1449256540264128
3,31,1.188288673429338
7,28,0.6238576076853825
18,8,1.5434381041017113
39,30,0.49361841681312346
8,12,1.893990704126684
19,24,0.500392037682397
24,39,0.5263353969701158
22,32,0.10312360742304894
11,24,0.3497606303212912
37,34,1.20125655767767
14,26,0.39568322002975137
2,8,1.2543359481885632
36,39,1.398387668849966
11,22,0.6808736822901293
27,30,0.555927232236251
33,4,1.4995930145600225
7,16,1.291683161067695
25,8,1.0898113399748555
2,30,0.8689923770481214
35,13,0.6909721280033634
32,16,0.27820327779365944
16,29,0.532409665845632
19,17,0.8451883115595639
20,38,0.3853313831956567
16,25,0.28380175872091623
37,11,0.4170538867419279
28,29,0.6088196751124231
20,20,0.901626533158267
3,32,2.8555788014730337
31,21,0.2750159753642276
22,29,1.424798207023671
1,14,0.9430396831813699
35,8,0.22843352521570714
24,6,1.1250449840549532
1,13,0.7696684996994364
5,7,0.9041506341304923
21,21,0.7677412174380231
36,38,0.734511590179773
38,30,1.9942254471576975
28,8,1.2047148515496355
34,26,0.5818698347835264
21,13,1.5031124717593838
31,15,2.036275167444973
32,26,0.8567546092749565
9,9,1.0937924195835342
30,27,0.5643565296777583
15,26,1.2285966972461035
38,1,2.9506639209496375
34,3,0.6220060336887128
19,9,0.9126878430414849
14,14,1.2812763205114104
30,38,1.4320462650499106
6,10,1.0201156271812504
32,18,0.7046626033099421
24,32,1.0145802549776346
2,22,1.3236440888815098
20,14,1.2324395268433683
10,28,1.7968265772501497
3,6,0.4824541383716517
4,29,2.0346597843455645
0,3,0.0028746304326344365
33,28,0.4918085579089527
5,28,0.5785848228776664
32,11,0.7167318668460065
16,28,0.44785620578292124
18,7,1.1290499601645008
7,24,1.0067544179416108
32,14,1.0692313023180833
38,32,1.395331351312751
3,29,0.6777283418551376
8,3,0.5846631958227438
36,12,2.099839972971442
12,29,0.8068547042616839
18,24,0.3079690548102108
38,20,0.5106855449369778
21,0,1.1417173953075381
6,11,1.7123397618273375
13,12,1.627616617052876
6,35,0.6081010070110383
29,28,0.9782410212305638
20,35,1.694246291393018
11,25,0.3465067637940576
31,16,0.774291729402893
