9,11,0.6412060859278115
36,11,0.2624950598765228
33,20,0.17796048081025728
39,25,0.3966015689615286
26,34,1.6264773783536661
31,37,0.5148939729907687
13,5,0.3418436902612948
30,39,0.15128725036620114
39,12,2.0196171733459316
29,37,0.6414002799010452
9,2,0.7186739028428104
7,2,1.125943792160939
32,3,0.2881676880088301
29,36,1.5215190672891252
24,22,1.5021980311877858
5,27,1.2471680050149363
30,8,0.8540927569416169
21,29,1.6089489376746906
37,31,1.0635542799214022
10,17,1.4275391802865167
28,0,0.23546294680241023
27,17,0.37656331853363934
22,11,0.625287504394153
26,39,0.11261680008428931
13,15,1.0404393755742973
32,37,0.11447169144137803
19,11,0.4155987407290459
6,33,0.7757975208711905
17,15,0.7513028351045288
10,30,1.808386155454692
38,22,1.3390160493578107
33,13,1.4566929935385309
5,11,0.2652851919166656
11,10,1.0862339078230046
3,12,2.3020168012338873
6,30,0.5849804159197901
17,19,0.787366603474035
33,19,0.8424454478857296
36,25,1.0046184471192992
25,34,1.8268116341084484
21,34,1.764325654334867
39,13,1.5003026438840776
1,25,0.011087624734393701
22,22,0.2741910646217124
13,13,0.4214220779024118
38,7,1.3031151246594992
23,5,0.47069384248587753
32,24,0.4738826735144027
6,38,1.4241109376023489
12,25,0.8432799356406785
7,3,1.0686389076675866
35,32,1.045005066623625
35,27,0.860625643971102
25,19,0.8705211343896401
32,27,1.639378319784058
28,21,0.22943217406816396
9,35,0.37544868680844706
37,1,1.0943825324721566
16,7,0.5714131640187065
22,33,0.7315379348363419
14,35,1.5369242964590195
38,6,1.2592629740987618
25,15,2.4960723601933537
31,3,0.5744671901368306
25,21,0.5491264358515592
22,5,0.4324260705701417
20,17,0.21295974057724562
3,39,0.5037192134239692
39,31,0.8185085068847603
24,3,0.9983832901402401
29,35,1.5007966008930758
37,6,0.8121874445518564
22,7,0.35090066355913285
16,11,0.4262563905335437
28,4,1.692066897751001
6,26,1.3224328312701856
11,14,2.1484963162838335
14,9,1.0198128001007842
5,3,0.7648879648443102
1,16,0.9397274693822512
8,31,0.8037214140362741
25,30,1.9814091234808269
0,25,0.647458276753496
29,9,2.392684695260044
31,1,1.385165268440499
0,11,0.5678979955838914
