5,12,0.5589361809004028
34,29,1.3300623083868541
20,6,0.8925212749642681
32,5,0.9280829256394979
31,36,0.9538637932660585
26,19,0.3527617352958198
29,29,2.0956498825052674
13,33,0.25258349105286454
36,34,1.8894694709195408
27,2,1.6839037979536131
24,5,0.788331804505342
23,19,0.9769622045434405
5,10,0.7678375942526314
15,1,1.4048670303068318
36,23,0.5170920484762732
30,28,0.8095020533094757
17,3,0.466873318679235
30,29,1.0606286461606413
31,13,3.1848316848053986
17,17,0.2526576864612781
0,31,1.4932339610067398
33,18,0.6541071914430407
31,18,0.7275162387495889
27,6,0.3435899347529443
5,0,0.7080046341733914
28,7,0.05230635229034663
9,17,0.4350000107308575
13,8,2.3237252243317035
4,9,1.3767503416129123
5,31,1.1654998177196783
14,13,0.7199008064563986
27,20,0.590080089361234
31,24,0.3197401109368709
16,26,0.06906666317378883
7,22,1.8818252912574382
8,38,1.9719057716208923
1,9,0.2404198801753973
30,20,0.3070032065728305
6,7,1.0242847090758955
8,39,0.7094008610921885
35,24,0.5375718324075617
0,8,0.5624041586796662
34,33,1.6720595899391273
3,10,1.8551593807938263
16,20,0.05910147502917245
29,31,1.227047958568096
27,24,0.3484305250453535
9,24,0.2730805325821698
29,33,0.6941034378567097
34,22,1.7235881574153324
17,38,1.1894549949339064
39,24,0.0864660072720412
2,13,0.4044046295133519
1,11,0.10359806467659419
35,22,0.08521088934032849
3,36,0.6316610885956043
36,33,0.7023091908355832
14,20,0.23517698861585862
32,13,0.9811809412690081
16,22,0.24880854975881667
4,22,0.9631694295141323
26,23,0.2459535754418405
1,5,0.054910040731094234
18,30,1.3854621586904443
3,4,2.056311556857822
12,39,0.7646969640722382
30,36,0.32262841454444796
8,18,0.24102218914236484
37,21,0.7131855352398642
11,28,0.4246059582516672
23,34,1.487265668216267
7,36,0.4848510582457345
17,13,1.1153283711038449
17,8,0.7404898974427191
21,24,0.490290283031727
