18,6,1.4300620516182483
32,5,0.928082925639498
39,25,0.3966015689615286
20,36,0.5725841890355767
29,29,2.0956498825052674
31,33,1.812051104125142
32,3,0.2881676880088301
15,10,0.41189425990926365
19,1,0.4364284177551464
4,1,0.9261306512408563
0,16,1.0335401550336858
17,17,0.2526576864612781
14,36,1.0211738682873113
27,6,0.3435899347529443
13,8,2.323725224331703
7,22,1.8818252912574382
13,30,1.0129105097106395
8,38,1.9719057716208923
36,5,0.6819696220301178
25,25,0.6476180445879458
2,36,0.7511104817020465
26,6,0.9408490359618795
17,27,0.9127555734453208
27,26,0.6307569023740167
36,25,1.0046184471192992
16,13,0.5885380423064664
21,32,1.3995958279160263
25,34,1.8268116341084484
4,4,0.9406400656572049
6,38,1.4241109376023489
22,39,0.6626306259955799
38,16,1.054669692728817
15,39,0.6971245828426121
17,38,1.1894549949339064
37,9,0.683317321838909
1,11,0.10359806467659419
32,27,1.639378319784058
11,8,0.817096339621482
17,36,1.2772251439299478
25,15,2.496072360193353
32,29,0.37551070119970226
28,4,1.692066897751001
26,28,0.4808012295724571
29,35,1.5007966008930758
13,10,2.1533578519818595
34,21,0.503512525986834
5,3,0.7648879648443102
7,36,0.4848510582457345
17,35,0.3576278221268479
30,25,0.06009019579259472
9,11,0.6412060859278115
9,15,0.17670645489281725
7,33,3.546420345277002
15,12,1.2605192178854099
19,14,1.132163767049444
29,16,0.30948946643804237
13,33,0.25258349105286454
0,36,0.6150102765447063
13,11,1.6463893715566076
16,38,0.2588370008397434
27,2,1.6839037979536133
30,28,0.8095020533094757
23,19,0.9769622045434405
36,23,0.5170920484762732
30,29,1.0606286461606413
13,15,1.0404393755742973
25,10,0.8955156636182684
19,11,0.4155987407290459
33,1,1.3892012096275952
9,17,0.43500001073085753
10,30,1.808386155454692
33,13,1.4566929935385309
13,17,0.2838286603601309
32,31,1.3527656158927341
18,35,1.1329867999597623
36,27,1.3870613540381511
24,12,0.7761771184202738
35,24,0.5375718324075617
38,38,1.6761766577101658
25,27,0.9567380381644961
1,32,0.9137292065930172
34,33,1.672059589939127
8,39,0.7094008610921885
37,7,1.0542785096427114
22,22,0.2741910646217124
17,0,1.2992900714425077
22,13,1.3845091510870535
8,4,2.082512004026626
18,32,2.8894709063586212
25,16,0.7919304351664631
4,12,1.7646597019406753
9,35,0.37544868680844706
38,6,1.2592629740987615
32,13,0.9811809412690081
22,5,0.43242607057014165
26,23,0.2459535754418405
37,6,0.8121874445518564
1,24,0.2342042502103898
19,34,0.6995263653932757
34,29,1.3300623083868544
0,11,0.5678979955838914
