12,9,1.4756024696915504
39,11,0.2348652692621337
39,18,0.425050369120013
23,0,0.2688059976165188
28,38,0.3811432702955688
19,32,0.1271495913429654
20,22,0.07203155721409601
26,7,0.9770711138788942
7,18,0.7609577842706864
18,26,0.5932018930919684
35,33,0.5842050664030276
3,1,3.657778688739654
10,33,1.3204058902795026
1,19,0.995608892252007
38,15,1.5710920747381847
8,26,0.465158461369297
9,14,0.6425876175788934
24,2,0.42340640889475717
7,25,0.502788994840367
11,6,0.9630128729374008
33,15,1.6186930215071742
36,31,1.4199093663685063
15,35,0.9706538847467872
5,38,0.9664395213979804
36,3,0.9587012266588909
15,24,0.09394272996955717
31,38,1.0137007661691702
17,6,0.0848713120061484
8,21,0.5271183669157273
20,28,0.10956782865326407
34,19,0.9407716383525236
1,4,0.46292978530955065
36,13,1.224603341811495
37,16,1.1429266148001156
25,17,0.7087271982590935
30,35,0.2036035195304653
36,14,1.221328801132266
37,13,0.7628516736642059
32,19,0.5346500136862484
36,7,0.7746370217312654
2,3,0.9039133612825074
4,37,0.009410015759965057
15,7,0.661230624817279
24,4,1.0009058498935006
1,2,0.44223055640906117
7,4,2.7815882753945833
7,29,2.46583248432694
7,14,0.7517234660322809
13,14,1.1801451632664772
4,25,0.2815817407445247
27,33,0.824852891159843
33,5,0.5103816034442297
39,6,1.001106759192376
16,30,0.605393475875337
26,11,0.4148490761875854
2,17,0.6857028778412095
19,4,1.4035729078688688
9,4,1.061567547415018
15,2,0.5631638378725947
35,35,0.5648675125006604
22,37,1.1148431722299423
23,22,1.3563610671948771
38,23,0.4031157909747025
37,10,0.9512303091788674
19,15,1.1133466540233234
20,31,1.3551925232746966
32,38,1.400329535873222
4,11,0.31726412365750295
1,33,1.0179806664666484
22,18,0.15607453761792855
15,8,0.9924341061416612
17,24,0.19417804947866352
19,30,0.3443473858893037
15,17,0.25350478426576417
21,3,1.151710105322536
23,13,2.5362879077796423
34,13,0.5709250261746974
16,34,0.4098576349728936
10,0,0.40583985689463375
28,39,0.3373997981607903
20,15,1.960830695496643
6,8,2.117848323999466
2,21,0.33436030437754727
25,2,1.3406454402972952
24,21,0.33725249569942295
1,30,0.83499099202766
13,19,1.2405249619458893
35,10,0.1551061934389751
0,29,0.6432225717891759
16,2,0.4114816273370595
17,33,0.1637692287703769
3,20,0.2731682305618082
1,0,0.31411482390468026
27,15,2.372808558660419
27,4,0.990426898903338
23,23,0.5216278985394527
28,10,1.2713149024055312
5,20,0.3571994132132048
38,37,0.5227017509118931
13,23,1.0662260201752214
1,22,0.43867926837569515
8,22,1.343084653814014
13,35,0.6640520322909349
39,32,0.374145649792534
2,34,0.9655523858953291
17,39,0.7128312349643519
21,23,1.5820257614189326
