1,37,0.9748286963799089
33,33,1.2596746113892818
29,23,0.6988380269974439
38,39,0.5644968985403473
12,16,0.45961551040639603
34,5,1.0353971076316082
14,15,1.5043064627886977
38,27,2.2639687449819332
8,11,1.4554041915619886
18,2,0.8346335800629858
16,5,0.5914129060003082
30,31,0.4593756945229524
11,20,0.20469819311320564
36,22,0.17343618340195532
17,31,1.0203852610586197
15,14,1.479957694171139
14,5,0.5556118760730585
32,9,0.024058952235769628
15,27,0.974871802057651
19,38,1.323794852064596
16,16,0.44396599058434827
27,9,1.3384665168425005
21,31,1.063146262109761
24,34,0.680792157880716
0,38,0.9837824235950517
14,23,0.7860382597531979
1,23,1.006731867945543
23,4,3.0648966100915653
30,37,0.7402093222278119
18,37,0.6654729908396917
24,10,0.9880194340905439
21,28,0.2708567260380916
17,30,0.4713538179134812
18,36,0.31181148698776234
3,5,0.14126680472467068
15,13,1.1716243931825514
14,24,0.6760810828836014
26,32,1.0173897894907213
12,28,0.027992451929435364
37,30,0.7510012571949454
21,30,0.2270561720157684
28,30,0.5899231651629138
2,27,0.7137507609587193
27,3,0.3719561140330818
23,25,0.9556811717360629
16,21,0.2628887369676921
3,25,1.3308361215562643
9,28,0.6445452383639843
0,34,1.598601787319607
21,26,0.5581154972589695
8,33,1.9063371691984978
12,14,1.3086676567046986
29,0,1.274336378571317
39,15,1.7219140304706388
16,33,0.7550295239801286
18,12,1.1790229925078883
27,25,0.17315094687967628
2,5,0.5346368046157216
10,8,0.892849098559856
22,34,0.16899890061114414
1,36,1.3368171880450102
17,29,0.990107955354202
24,36,0.01848985285559914
33,30,1.2152710202604764
10,24,0.47823908257898523
37,39,0.5349878573914051
17,23,0.8879674518480519
24,35,0.26435973113639366
32,23,0.3032366507517945
38,13,2.973699240899842
29,38,0.7350169967362475
11,4,0.9493069223242043
35,1,0.6383074219152028
18,34,2.4495074924909472
25,7,1.0227431073692759
15,32,1.0796457395581815
14,32,1.9835724111808128
24,25,0.42515063338669673
13,28,0.8845452027574551
35,31,0.6019592925920603
30,14,1.0509231646893435
10,12,1.330948235157174
11,26,0.6029850877528113
7,17,2.132791537631202
22,17,0.5789617754938642
3,8,2.290933297335929
19,16,0.28509135293803894
14,11,0.9293704537311415
35,37,0.01146115758049643
2,12,1.781428659941415
0,39,1.4628562787281496
4,13,0.9671330638643543
37,32,2.542336947388727
16,39,0.3597539361084219
35,14,0.09558775940870579
