30,15,0.6607120788522425
4,38,0.8351588951384497
34,39,1.153497006382679
38,4,1.0799859113998065
9,23,0.5504925684392733
1,7,1.2576273488512564
9,19,0.4527599458599021
4,35,0.06715047651354368
20,16,0.2502588823917028
31,22,1.6090922568751
8,36,1.5685125130068105
15,4,1.0408394640033074
36,35,0.9808398985558573
23,20,0.41641966043443124
34,10,1.252228827948045
37,38,1.6560727101070547
35,20,0.5580580014074267
33,21,0.5074537381173865
38,25,1.5740516087145435
28,22,0.8502087228063278
26,30,0.6599680388581616
23,10,2.2080774626961253
3,27,1.6370238720239876
7,12,1.2748039100540605
12,1,2.1277705982506157
20,2,0.4948143630992563
28,35,0.41320644171777665
38,26,1.4406476148319312
29,1,2.548424883395688
31,29,1.3186958568031648
4,8,0.7474218337922871
0,15,0.9943813799297339
20,32,1.8768587821262677
31,17,1.3873734931505686
23,8,1.4412172845106426
9,39,0.1381681757573382
28,31,0.5415275141713144
2,10,1.005177691161791
4,16,0.3535398550822984
16,27,0.06861531733099256
34,4,1.486217251071499
8,17,0.9838852859517029
0,35,0.6024535475446153
2,4,1.240207023005102
31,4,2.5340221054721477
5,9,0.6183672961499077
35,9,0.3287237517174362
39,20,0.47198635305184367
14,12,2.271117308787564
18,10,2.195533473508482
18,21,1.165781018284579
37,17,0.5806203198588779
6,5,0.12513544371824664
13,26,1.2126260045661805
21,27,1.2933434070049084
18,13,2.700284463407517
12,13,2.542527426828472
6,22,0.5458721094126645
13,27,1.006479217180214
15,36,1.3658099945716666
23,15,1.5543932529827709
2,31,0.5887231814327545
5,14,0.9865025747619914
6,9,1.809482714242291
1,35,1.0940179879149365
7,34,1.0116398628254273
27,18,0.11691878959568418
0,14,0.7060010880151242
31,8,1.3470045501769374
17,26,0.6394739641835143
21,17,0.7746688145325713
20,11,0.7353322221353982
5,15,0.652078707253605
35,6,0.48492158364742727
31,11,1.3874388140491565
3,3,1.0154081786560238
34,12,1.6170324224284753
8,23,1.7210208761506998
23,11,2.3815703404926674
25,4,0.488000583739785
6,19,1.3674394114787674
28,36,0.7170628170785395
30,26,0.707064576068095
34,28,0.420358815186826
22,14,1.0471598065999055
0,20,0.5475872417170287
19,20,0.19782205733226793
32,0,0.26292713313364724
6,31,0.02305620109495037
10,6,0.9992309536402282
8,8,0.7387365288678858
16,10,0.9903500185905051
17,4,0.5472726741938589
38,24,0.465823469430754
6,39,0.8226812984185672
33,34,2.02968795913291
12,6,2.173435865151721
10,25,0.4312750572895264
23,26,1.4605165957712118
16,14,0.4925478351756411
0,27,0.02308526770757674
39,0,0.004123046157526608
6,24,0.13467923459518616
15,11,0.4939707395492928
22,23,0.18291167137794825
27,28,0.20819472349897478
26,38,0.9055835639258475
