29,6,0.5386095459251201
28,32,1.2959759542798814
9,5,1.1835186857626852
19,37,0.006380034999853823
33,24,0.5806702860577573
37,5,1.0327252007677066
6,21,0.7358795214885931
15,38,1.1592248433237944
28,37,0.10432245046103586
34,20,0.43716218123685285
39,26,1.3129398504462308
3,17,0.8690917075303076
6,27,0.8028038552297081
24,16,0.7105665724080505
24,15,1.654887052408741
25,18,0.35980484363092496
17,22,0.9068094286782774
4,26,0.7558024970652634
11,16,0.7882077735804442
31,14,1.6455890559530109
20,9,0.7379976674405604
3,11,0.7598077974273865
32,10,0.9297323352989568
34,32,0.5349652507138825
31,5,0.7315246917873488
26,25,0.4028965068942554
12,12,1.4535372130327564
17,25,0.7672763961674561
0,37,1.225973849007529
36,29,2.073017425336613
39,8,0.6646859613588141
12,7,1.4626380106864536
17,5,0.2624724324942196
26,4,0.737753111609407
4,23,0.24908930510783314
20,19,0.48390966001013547
24,29,1.3412111616654934
29,17,0.7667362211772385
16,31,1.0454418488857533
31,32,1.9551478254039392
21,12,2.7457784876352123
9,29,0.8217046093833711
33,12,2.4381321584348212
6,4,1.4282505384595716
14,29,1.6946633157694673
15,0,0.3565246633429813
35,25,0.435848658317135
20,4,0.9343111290700735
27,16,0.2271056461842006
12,33,1.6184092241704824
20,12,1.6355432820286577
4,33,0.8941283616872854
26,29,0.356013869146314
38,35,0.579988773584313
30,10,0.7846877609861502
5,22,0.37759229525583043
39,21,0.04401434831281798
28,13,0.851284882142465
23,28,1.5713778766731323
8,15,0.7245273585655216
35,15,1.641520247538143
38,36,1.8410070010924886
34,14,1.0855599491596515
7,11,0.5954000587445942
23,31,1.7371067382256116
37,4,1.4548170677276047
4,31,0.3906773556978051
32,15,1.1328393809207706
23,18,0.7882899952018909
19,3,0.21793828409347443
25,1,1.943408983427907
33,0,0.05717917743878417
35,23,1.2887066942357013
34,31,0.9338006225411923
1,3,0.03130126623910815
20,1,0.7961311028606926
26,8,0.8432281536937541
33,23,1.3874754394608537
17,7,1.5691384835634898
13,32,0.8920118492739784
2,23,1.3839208691900569
35,28,0.8032881749702
7,38,1.170345585846293
29,20,1.0338848513477639
19,19,0.23830130946848935
4,7,0.5852863499475724
18,39,1.730885703400871
38,9,2.0764909675546455
24,19,0.4713698420109202
8,19,0.5014886696877293
25,26,0.47300829595574534
19,18,0.43750735745983893
2,33,1.3790821721312327
24,30,1.0126849981978423
37,29,1.2295291222677196
13,25,1.265057655648226
20,34,1.9355705832438324
26,22,0.5598870222809771
11,13,1.7715232544584048
12,35,1.313864512181076
18,11,1.6154004442891399
16,6,0.047820445343875195
17,12,0.5551629179875235
36,17,1.6565942396373914
