14,10,1.463698425810152
33,20,0.17796048081025728
30,32,1.4657892719333372
31,34,2.091925580151382
22,27,1.1751132354640428
26,19,0.3527617352958198
5,27,1.2471680050149365
37,31,1.0635542799214024
24,5,0.788331804505342
24,28,1.423480680052978
14,0,0.5345036384718393
31,18,0.7275162387495889
5,0,0.7080046341733914
17,15,0.7513028351045288
23,14,2.902726583982044
28,7,0.05230635229034663
36,6,1.3538183915502806
10,39,0.8279693543233216
38,22,1.3390160493578107
16,26,0.06906666317378883
22,16,1.1776165668486516
17,20,0.025432350693959965
30,33,1.1404570742542524
12,20,1.2975786524025887
21,34,1.7643256543348669
0,8,0.5624041586796662
23,37,1.6458030390491123
14,28,0.594577720531756
13,13,0.4214220779024118
8,24,0.24142390758482024
37,1,1.0943825324721566
18,15,2.287471545243368
29,25,1.3495052030859125
4,19,0.06176984108733885
16,12,1.2525435621148049
17,2,0.5124586353863024
6,14,1.008273258870805
12,17,0.18674467489680951
26,2,0.7319433858945951
36,2,1.0750423500879527
2,25,0.43505820126265293
23,6,1.673639277653523
22,31,0.6687244716100872
9,34,1.770262074328996
22,7,0.35090066355913285
39,31,0.8185085068847603
12,0,0.44670848556579057
1,5,0.054910040731094234
9,1,1.255040608959459
30,16,0.836051309765445
33,35,1.2941415961325313
11,28,0.4246059582516672
22,2,0.26012790203551367
1,16,0.9397274693822512
17,13,1.1153283711038449
8,31,0.8037214140362741
0,25,0.647458276753496
31,1,1.385165268440499
5,12,0.5589361809004028
10,14,0.6480630854592166
29,30,1.0734925565498146
13,5,0.3418436902612948
9,2,0.7186739028428103
31,35,0.1405765042974315
33,32,1.9853020590099328
27,17,0.37656331853363934
14,13,0.7199008064563986
11,10,1.0862339078230043
19,27,0.6190089899410204
27,7,0.4077513311661676
7,23,0.4034750972393262
12,4,2.06733591411381
23,5,0.4706938424858776
10,31,0.823985628444628
30,7,0.4038823480508624
34,22,1.7235881574153322
12,25,0.8432799356406785
7,1,1.4981110185204356
28,1,1.6611141324353624
3,36,0.6316610885956044
5,36,1.0572805248544068
7,5,1.5962004051529524
37,25,0.7930969620837147
32,37,0.11447169144137803
10,16,0.3827773969406943
11,27,0.878409851415
11,30,1.0561828690229382
30,36,0.32262841454444796
13,29,0.8025655660329827
37,21,0.7131855352398642
14,9,1.0198128001007842
16,23,0.5495435326461919
