36,11,0.2624950598765228
12,3,0.788774556286869
16,9,0.9378299762518865
29,37,0.6414002799010452
16,32,1.0758658990516967
7,2,1.125943792160939
30,8,0.8540927569416169
4,2,0.8608364234043896
24,22,1.5021980311877856
8,7,0.4211144182036296
21,29,1.6089489376746902
26,39,0.11261680008428931
8,28,0.24480028200732454
24,18,0.3135582858052687
23,39,2.793889685142334
27,20,0.590080089361234
4,9,1.3767503416129123
34,0,0.35509953655904325
1,9,0.2404198801753973
17,19,0.787366603474035
21,16,1.1867687504234306
39,13,1.5003026438840776
3,10,1.855159380793826
32,39,0.507853433238265
33,6,1.1604534806452813
38,7,1.3031151246594992
9,24,0.2730805325821698
29,33,0.6941034378567097
10,7,1.3885503847732101
30,19,0.710541682049181
23,35,0.7335090609006398
35,22,0.08521088934032849
8,35,1.819431199494846
18,4,3.2761327351009575
3,4,2.056311556857822
27,10,1.7853963104647712
27,21,0.867286799148528
16,15,0.39488832514481575
8,18,0.24102218914236484
29,11,0.6814407797352555
25,30,1.9814091234808269
29,9,2.3926846952600442
21,24,0.49029028303172706
9,31,0.21546000018585476
31,36,0.9538637932660585
0,0,0.4096818878826529
28,26,0.4876569590948315
26,34,1.6264773783536661
6,18,0.1035611365911971
7,31,0.9695440825354281
32,34,1.0145940968375045
15,21,0.009659858435464607
29,36,1.5215190672891252
36,34,1.8894694709195408
3,18,1.4376250375014268
32,2,0.5712773261753357
26,31,0.17918554505802148
19,31,0.502392785042234
17,3,0.466873318679235
31,13,3.1848316848053986
0,28,1.4125456106407681
32,6,0.8540447165159571
5,31,1.1654998177196783
16,20,0.05910147502917245
6,30,0.5849804159197901
18,16,0.6728088652619764
28,34,0.8234325811678942
33,19,0.8424454478857296
32,24,0.4738826735144027
17,28,0.4855177685635886
29,31,1.2270479585680962
18,9,2.3495862426895178
25,32,0.9408111067044089
25,19,0.8705211343896401
14,7,0.7611640175786936
25,28,0.4279652945384954
7,9,1.4245636246732687
28,21,0.22943217406816396
36,9,2.175350931656929
3,22,0.9632642277718427
24,1,2.521711857365294
36,33,0.7023091908355832
5,8,1.0511637825885116
25,21,0.5491264358515592
3,39,0.5037192134239692
20,18,0.14530515875750244
16,4,1.4037804028350283
7,35,0.8909292513279045
11,14,2.1484963162838335
37,33,0.49567501733951913
32,4,1.2081971727333891
24,8,1.3120027593257257
18,17,0.8848970044485372
23,7,0.48842092705409734
34,38,1.6937845230811217
