2,39,0.4253598316968402
24,33,1.3939412567294007
34,9,0.6632390544263685
1,15,0.9589224472109198
10,26,1.1340188358971313
29,4,2.029081059182593
29,24,0.16537206619153982
31,10,1.9314164218943717
28,28,0.18858205919902069
7,21,0.931192557336626
2,15,1.3222137519640953
34,8,0.631992098756821
11,38,1.3242518529597413
7,28,0.6238576076853825
36,28,0.8394934584629314
28,3,0.27235256125818263
8,12,1.893990704126684
13,37,0.13167056847470082
1,10,0.3290215045556946
37,15,0.8936643425326231
37,34,1.20125655767767
4,18,0.034767438818652095
15,33,0.6028470723685913
36,39,1.398387668849966
38,17,0.34065920672630157
29,5,1.1289039206050864
25,8,1.0898113399748555
28,27,0.9733683517497426
38,10,1.7976613235626997
10,32,0.7214796186260192
8,0,0.36788164680706353
22,24,0.05930707988208493
0,17,0.3307377009852617
32,16,0.27820327779365944
8,27,0.8901009304665601
38,29,1.6918844213334643
13,38,1.418878793427241
37,11,0.4170538867419279
17,21,0.0883138355800151
30,1,1.2200675302945168
2,6,0.4523063595545932
11,0,0.49873356974127625
3,32,2.8555788014730337
3,37,0.07240450239234376
25,38,1.5184523080657375
2,38,1.435560734346689
10,22,1.2028140193344126
33,26,0.9779106382186825
18,19,0.8283268895736774
24,6,1.1250449840549532
1,18,0.06494581906250277
36,38,0.734511590179773
38,2,0.36423869523167823
28,8,1.2047148515496358
34,35,1.139695636786542
29,26,0.7387912392218899
10,36,1.021481715756135
37,20,0.3596486500179835
9,9,1.0937924195835342
30,27,0.5643565296777583
6,17,0.48539163071318303
3,26,0.746340933430857
38,1,2.9506639209496375
18,33,1.3082960261906174
36,20,0.18344598157253822
30,13,2.0286855465699065
5,17,0.7801404468165813
26,3,1.0070749273461794
21,5,0.5743275256285543
24,14,0.4721731628831001
7,7,0.7228612245010706
10,3,0.8872214946851341
2,1,0.6411030097514104
32,36,0.705635209384226
5,28,0.5785848228776664
28,20,0.38716142589694713
18,7,1.1290499601645008
7,24,1.006754417941611
1,29,0.8905850323571989
22,28,2.0054725846049086
3,14,1.186463764914295
9,37,0.8167877821802229
6,34,1.161639880743112
30,12,0.9635565284224515
3,29,0.6777283418551378
38,0,0.7437512886146205
8,20,0.07030661084591604
14,33,1.5714581268996646
7,30,0.6011445348943988
14,6,1.4402546920479775
8,3,0.5846631958227438
32,21,0.5325754480157162
6,6,0.6497332357388024
39,7,0.2669893044824934
36,12,2.099839972971442
3,24,0.42675773147882845
10,5,0.8071207955947823
13,12,1.627616617052876
33,29,1.5143581896514287
39,29,0.22271549828646436
34,34,1.0464386402087227
5,6,1.050681141313151
29,28,0.9782410212305638
15,29,0.8960383770952812
27,1,0.9000161500991501
14,8,0.551795057976228
20,35,1.694246291393018
34,27,0.8199823510640352
33,3,1.257050564375853
