26,35,0.2857612675991832
25,39,1.0509116946450197
4,10,0.3739567197575679
35,38,1.5138875212982437
22,30,1.2539395551994457
33,38,0.5588755165732362
6,12,1.9583211623610721
29,21,0.612989823710856
21,2,1.194790137494978
9,20,0.6049405723701318
9,13,0.1449256540264128
16,18,0.489535273666438
11,15,1.4810671283682322
39,30,0.49361841681312346
37,36,1.0148030849044964
31,9,1.5822513396637712
5,30,0.513589571685105
35,29,0.2570939536144439
24,39,0.5263353969701158
2,8,1.2543359481885632
7,16,1.291683161067695
3,34,1.9730156207074185
35,5,0.5456173655003231
19,12,2.4066112287496186
30,3,0.5940040710397608
2,20,0.19536198383379078
2,30,0.8689923770481214
31,25,0.44346911670664363
26,37,0.10929908839557113
24,24,0.34113971835323526
20,20,0.9016265331582671
16,25,0.2838017587209162
23,33,2.1673345733769502
10,2,0.19112781413168506
29,15,3.0145004863053155
21,38,2.886842591222989
14,31,0.413704812868794
17,34,0.7753461834391788
15,15,1.2503481688585085
31,20,0.8310232513928675
16,37,0.07196719866541954
27,27,0.7398645289290725
24,31,0.763010794987612
24,23,0.8009394975081878
38,30,1.9942254471576972
9,36,0.054874441892906425
31,15,2.036275167444973
3,38,2.695740576187709
13,6,0.8657452302060703
19,9,0.9126878430414849
14,14,1.2812763205114104
33,22,1.5632013255877149
23,1,2.622959375513259
38,18,0.825744810431384
14,39,0.776910000174977
24,32,1.0145802549776348
29,27,2.391787424588886
36,32,1.6877619745591657
21,36,0.7220487514756366
3,35,0.7806743495007054
18,18,0.37016501158957227
9,21,0.3101845741995663
28,9,0.4354584764362978
14,2,1.3230985558468062
29,13,2.808949676498567
0,3,0.0028746304326344365
39,39,0.17163921234717108
39,34,0.721778624133151
33,28,0.4918085579089527
29,22,1.1122247912737726
39,19,0.29166424622191656
24,17,0.4028356072504551
16,28,0.44785620578292124
10,1,2.3305935267965903
39,1,0.7900154970777848
21,18,0.3663411677845142
18,1,1.274119271802427
21,7,0.9889525019361969
39,36,1.4965005113779346
7,39,2.2904730988754785
27,11,0.7539115785616346
13,3,0.09011213449327327
11,7,0.2545749418897869
18,23,1.1157631483264157
6,11,1.7123397618273375
5,24,0.2786216813936646
10,35,1.2766718927130114
34,23,0.375334998789362
11,25,0.3465067637940576
25,23,1.509219963844642
