36,1,1.7968885091708124
11,29,1.268633252857195
31,12,2.4954063830830147
22,25,0.05486725462609353
28,17,0.650931344154115
20,30,0.6498165725744751
25,37,0.1729970603290086
39,23,0.3213683394839249
14,16,1.3328354927867068
12,31,0.6693783058296263
32,17,0.3583368213568626
20,21,0.5610929785982719
21,15,1.169591254130739
5,32,1.206992051846955
34,37,0.35954357633066314
13,16,0.47036994182348624
16,1,0.5374643931342538
10,34,1.2245681706726104
6,1,1.937417269231703
11,5,0.3178670351984922
1,34,0.9254802172336176
15,34,1.1927283713483376
29,18,0.8811530679367269
36,37,0.6933059906068237
5,4,0.78507555948279
28,23,0.5319901324544762
28,2,0.3164426415778829
39,4,0.2919349497769939
3,0,0.7759846139044152
11,31,1.1373555428747668
5,16,0.5690016406101537
26,15,0.6311657281043207
31,6,2.159536260518359
5,23,0.2096818330247283
21,37,0.7729977043388636
20,0,0.31349526457809374
22,12,0.824521027221302
3,19,0.9161421659163269
33,36,1.1819976402695542
35,34,0.2709647477491078
37,8,0.293285141055701
13,22,0.20728291983078911
17,14,1.3563569771324528
9,10,1.700619919135227
12,36,0.7951319193901928
29,12,2.1904389818767633
37,22,0.6542118540464332
30,17,0.1989521459406702
5,2,0.3164112633314557
5,25,0.734812298861599
9,30,0.46737394880315614
29,34,1.1929750090331204
14,22,1.7713057530354517
30,4,1.0114834355358426
17,37,0.05511616728243042
22,38,0.6446611530181763
3,16,0.711507682617442
3,30,1.1777810516202742
27,8,0.7128211720767289
33,27,0.8893534389286145
11,39,0.4668148996220258
32,30,0.820994316627211
8,37,0.1208292973281064
7,13,1.4969409094399104
24,37,0.6130751315667324
37,37,0.7530149959472884
12,22,1.8007521974542482
28,14,0.8529062501166869
38,11,0.8778303600790524
35,12,1.5297887875242846
16,35,0.09001339803244394
2,32,0.6228435348234208
18,14,2.119839627345984
34,1,1.3594730734468552
33,8,1.6265956482979174
10,11,0.5033850220708797
9,33,0.14857724279417256
15,31,0.7905477967662419
26,18,0.8092318467139482
30,21,0.5163213341976567
25,14,2.2688005174690247
30,30,0.454111620981301
9,26,0.4283852198159366
18,3,0.6505675147307577
38,28,1.3702260871621
38,5,0.437800396464494
1,27,0.028584985224833073
22,8,0.3561435970154289
29,14,3.125405266792726
