3,9,1.4237422434202132
20,6,0.8925212749642681
31,37,0.5148939729907688
30,5,0.4401458667207802
30,39,0.15128725036620114
13,31,0.9460238237260388
35,7,0.8915564497224564
8,10,2.321341593886123
35,36,0.8376433787878563
26,14,1.9250355851214611
36,19,1.0511827032865477
25,20,0.17646014295461862
12,39,0.7646969640722382
5,10,0.7678375942526314
15,1,1.4048670303068318
0,31,1.49323396100674
28,0,0.23546294680241023
10,17,1.4275391802865167
39,12,2.0196171733459316
5,39,0.8084753394922497
15,30,0.7783531362872494
7,6,1.4466337697012082
24,26,0.42595067549030935
21,14,2.310415289163023
22,11,0.625287504394153
27,31,0.09997823933443813
33,18,0.6541071914430407
6,33,0.7757975208711905
4,21,0.5517036364378046
21,25,0.9513314026340888
6,29,0.6126868113986116
31,24,0.3197401109368709
5,29,0.1803906121597456
33,14,1.1453377932179478
1,12,0.6303113885313911
5,11,0.2652851919166656
30,11,0.3164267131358671
3,12,2.3020168012338877
27,39,0.8812670360725154
23,3,0.01897092467800332
30,20,0.3070032065728305
10,23,0.5284879515560279
13,2,0.5162171915940159
11,9,1.2786585579055618
6,7,1.0242847090758955
1,28,0.9036374532453743
20,23,1.1711287246820483
21,4,1.822012861401436
18,38,1.0788580091061173
1,25,0.011087624734393701
4,39,0.6102768964713019
19,28,0.004932701258928219
27,24,0.3484305250453535
39,10,0.3951944712803675
19,8,1.0120828188262778
1,20,0.08435967177968313
2,13,0.4044046295133519
7,3,1.0686389076675868
19,10,0.8192320757966285
35,32,1.0450050666236252
35,27,0.860625643971102
39,24,0.0864660072720412
22,33,0.731537934836342
27,0,0.37000187857507255
34,7,1.643032646354984
16,7,0.5714131640187065
1,6,0.5054338253588201
14,35,1.5369242964590197
3,23,1.577066375511546
14,20,0.23517698861585862
16,22,0.24880854975881667
31,3,0.5744671901368306
23,17,2.2943710603765823
14,25,0.4265520291448468
21,19,0.5869168983443885
24,3,0.9983832901402401
18,30,1.3854621586904443
20,17,0.21295974057724562
26,33,0.6450449858114249
6,26,1.3224328312701856
4,22,0.9631694295141323
20,26,0.5609129018114853
25,13,0.8758866417224426
23,34,1.487265668216267
16,11,0.4262563905335437
32,28,0.4105739212216491
17,8,0.7404898974427191
35,18,0.06361627969344863
0,2,0.45833383204533285
