34,34,1.0464386402087227
34,4,1.4862172510714993
34,16,0.1989359503251115
34,22,1.7235881574153322
34,28,0.420358815186826
34,30,1.1023052453514917
34,14,1.0855599491596515
34,32,0.5349652507138826
34,36,1.0643424329779583
34,24,0.6514307849480748
34,0,0.35509953655904325
34,6,0.3430858675799495
34,18,0.010624787762353583
34,12,1.6170324224284751
34,38,1.6937845230811217
34,8,0.631992098756821
34,20,0.4371621812368528
34,26,0.5818698347835264
34,10,1.252228827948045
34,2,0.5204597353246248
4,34,0.6474097994176808
4,4,0.9406400656572049
4,16,0.3535398550822984
4,22,0.9631694295141323
4,28,0.8730394456908273
4,30,1.3438330711109536
4,14,1.3941360554081852
4,32,1.2561762050103156
4,36,0.5093669590672376
4,24,0.9367264377012817
4,0,0.15959052870872595
4,6,1.4776802417978805
4,18,0.034767438818652095
4,12,1.7646597019406756
4,38,0.8351588951384497
4,8,0.747421833792287
4,20,0.4473100929875721
4,26,0.7558024970652634
4,10,0.3739567197575679
4,2,0.8608364234043897
16,34,0.4098576349728936
16,4,1.4037804028350283
16,16,0.4439659905843483
16,22,0.24880854975881667
16,28,0.44785620578292124
16,30,0.605393475875337
16,14,0.49254783517564105
16,32,1.0758658990516967
16,36,0.9255322211044874
16,24,0.2758585275421347
16,0,0.14441590770246102
16,6,0.047820445343875195
16,18,0.489535273666438
16,12,1.2525435621148049
16,38,0.2588370008397434
16,8,0.6655280271543327
16,20,0.05910147502917245
16,26,0.06906666317378883
16,10,0.9903500185905051
16,2,0.4114816273370595
22,34,0.16899890061114414
22,4,1.1092933170680124
22,16,1.1776165668486518
22,22,0.2741910646217124
22,28,2.0054725846049086
22,30,1.2539395551994457
22,14,1.0471598065999055
22,32,0.10312360742304895
22,36,0.7532083536641077
22,24,0.05930707988208493
22,0,0.09806855547100518
22,6,1.130275600927705
22,18,0.15607453761792855
22,12,0.824521027221302
22,38,0.6446611530181763
22,8,0.3561435970154289
22,20,0.24103638645235265
22,26,1.4353355021685075
22,10,0.8592662090853963
22,2,0.26012790203551367
28,34,0.8234325811678942
28,4,1.692066897751001
28,16,0.28911239142144113
28,22,0.8502087228063279
28,28,0.18858205919902069
28,30,0.5899231651629138
28,14,0.8529062501166869
28,32,1.2959759542798812
28,36,0.7170628170785395
28,24,0.421843678232653
28,0,0.23546294680241023
28,6,1.1199753169036106
28,18,0.47724394737244347
28,12,1.888545152420907
28,38,0.3811432702955688
28,8,1.2047148515496355
28,20,0.3871614258969472
28,26,0.4876569590948315
28,10,1.271314902405531
28,2,0.3164426415778829
30,34,0.4606771507915294
30,4,1.0114834355358426
30,16,0.836051309765445
30,22,1.0399915291918271
30,28,0.8095020533094757
30,30,0.454111620981301
30,14,1.0509231646893435
30,32,1.4657892719333372
30,36,0.32262841454444796
30,24,0.5864439906688315
30,0,0.046297008104570526
30,6,0.45260422402363154
30,18,0.5339867258697962
30,12,0.9635565284224515
30,38,1.4320462650499106
30,8,0.8540927569416169
30,20,0.3070032065728305
30,26,0.707064576068095
30,10,0.7846877609861502
30,2,0.44291541407122015
14,34,1.4962236408805167
14,4,2.041454116182595
14,16,1.3328354927867068
14,22,1.771305753035452
14,28,0.594577720531756
14,30,1.4397808514882053
14,14,1.2812763205114104
14,32,1.983572411180813
14,36,1.0211738682873113
14,24,0.6760810828836014
14,0,0.5345036384718392
14,6,1.4402546920479775
14,18,0.662140551450867
14,12,2.271117308787564
14,38,2.1448822354982564
14,8,0.551795057976228
14,20,0.23517698861585862
14,26,0.39568322002975137
14,10,1.463698425810152
14,2,1.3230985558468062
32,34,1.0145940968375045
32,4,1.2081971727333891
32,16,0.27820327779365944
32,22,0.7362926582807388
32,28,0.4105739212216491
32,30,0.820994316627211
32,14,1.0692313023180833
32,32,1.4437825489417193
32,36,0.705635209384226
32,24,0.4738826735144027
32,0,0.26292713313364724
32,6,0.8540447165159571
32,18,0.7046626033099421
32,12,1.4926727597999077
32,38,1.400329535873222
32,8,1.3692373895526386
32,20,0.5039252463806142
32,26,0.8567546092749565
32,10,0.9297323352989568
32,2,0.5712773261753357
36,34,1.8894694709195408
36,4,0.5227384891498783
36,16,0.38295039524015345
36,22,0.17343618340195532
36,28,0.8394934584629314
36,30,1.7076619776349724
36,14,1.2213288011322663
36,32,1.6877619745591659
36,36,0.3921418605580108
36,24,0.7008303951697952
36,0,0.3125258989454269
36,6,1.3538183915502804
36,18,0.8879483746780586
36,12,2.099839972971442
36,38,0.734511590179773
36,8,1.3883813526832611
36,20,0.18344598157253822
36,26,0.6875941930212102
36,10,1.4773780961027692
36,2,1.0750423500879525
0,34,1.598601787319607
0,4,1.2372108865988474
0,16,1.0335401550336858
0,22,0.10106068698067265
0,28,1.4125456106407681
0,30,0.32738602047585197
0,14,0.7060010880151242
0,32,1.2493361029741368
0,36,0.6150102765447063
0,24,0.4563932839408839
0,0,0.40968188788265286
0,6,0.7362000920177121
0,18,0.342681993946484
0,12,0.3166025390530778
0,38,0.9837824235950517
0,8,0.5624041586796662
0,20,0.5475872417170287
0,26,0.5066588869257028
0,10,1.3205082366501837
0,2,0.45833383204533285
24,34,0.680792157880716
24,4,1.0009058498935008
24,16,0.7105665724080505
24,22,1.5021980311877856
24,28,1.423480680052978
24,30,1.0126849981978425
24,14,0.4721731628831001
24,32,1.0145802549776346
24,36,0.01848985285559914
24,24,0.3411397183532352
24,6,1.125044984054953
24,18,0.3135582858052687
24,12,0.7761771184202737
24,38,0.7152597830127505
24,8,1.3120027593257257
24,20,0.18242710976371085
24,26,0.42595067549030935
24,10,0.988019434090544
24,2,0.42340640889475717
6,34,1.161639880743112
6,4,1.4282505384595716
6,16,0.8069866277586355
6,22,0.5458721094126645
6,28,1.1380796665867987
6,30,0.5849804159197901
6,14,1.008273258870805
6,32,1.4615656756325754
6,36,1.1341824844501909
6,24,0.13467923459518616
6,6,0.6497332357388024
6,18,0.1035611365911971
6,12,1.9583211623610723
6,38,1.4241109376023489
6,8,2.1178483239994654
6,20,0.4802312227461353
6,26,1.3224328312701856
6,10,1.0201156271812504
8,34,0.6034354498618003
8,4,2.082512004026626
8,16,1.0588036186511005
8,22,1.343084653814014
8,28,0.24480028200732454
8,30,0.3545104371409299
8,14,1.4017376886791615
8,32,1.158001549870168
8,36,1.568512513006811
8,24,0.24142390758482024
8,0,0.36788164680706353
8,6,0.10608344663661502
8,18,0.24102218914236484
8,12,1.8939907041266837
8,38,1.971905771620892
8,8,0.7387365288678858
8,20,0.07030661084591604
8,26,0.465158461369297
8,10,2.321341593886123
8,2,1.3570853167242074
12,34,1.2022313253893593
12,4,2.0673359141138103
12,16,0.4596155104063961
12,22,1.8007521974542482
12,28,0.027992451929435364
12,30,1.3598797542522916
12,14,1.3086676567046989
12,32,2.9215771557817076
12,36,0.7951319193901929
12,24,0.8473421598884071
12,0,0.44670848556579057
12,6,2.173435865151721
12,18,0.16064190610597798
12,12,1.4535372130327564
12,38,0.5891636890578549
12,8,1.5219692429554699
12,20,1.297578652402589
12,26,0.38299795839876405
12,10,0.9218217049397803
12,2,0.7984635270924769
38,34,1.2316866125628119
38,4,1.0799859113998065
38,16,1.054669692728817
38,22,1.3390160493578107
38,28,1.3702260871621
38,30,1.9942254471576972
38,14,1.6677894333265662
38,32,1.3953313513127508
38,36,1.8410070010924884
38,24,0.465823469430754
38,0,0.7437512886146205
38,6,1.2592629740987615
38,18,0.825744810431384
38,12,1.7828703862679554
38,38,1.6761766577101658
38,8,1.900662727479834
38,20,0.5106855449369778
38,26,1.4406476148319312
38,10,1.7976613235626995
38,2,0.36423869523167823
18,34,2.4495074924909472
18,4,3.276132735100957
18,16,0.6728088652619763
18,22,0.7917180104307692
18,28,0.4512117554506866
18,30,1.3854621586904443
18,14,2.1198396273459843
18,32,2.8894709063586217
18,36,0.31181148698776234
18,24,0.3079690548102108
18,0,0.7067264623595074
18,6,1.4300620516182483
18,18,0.37016501158957227
18,12,1.1790229925078881
18,38,1.0788580091061173
18,8,1.5434381041017113
18,20,0.8659890414232008
18,26,0.5932018930919684
18,10,2.195533473508482
18,2,0.8346335800629858
20,34,1.9355705832438324
20,4,0.9343111290700735
20,16,0.2502588823917028
20,22,0.07203155721409601
20,28,0.10956782865326407
20,30,0.6498165725744751
20,14,1.2324395268433683
20,32,1.8768587821262677
20,36,0.5725841890355767
20,0,0.31349526457809374
20,6,0.8925212749642681
20,18,0.1453051587575024
20,12,1.635543282028658
20,38,0.3853313831956567
20,8,0.9563388181092989
20,20,0.9016265331582671
20,26,0.5609129018114855
20,10,0.3963525319214634
20,2,0.4948143630992563
26,34,1.6264773783536661
26,4,0.7377531116094072
26,16,0.37235798985369706
26,22,0.5598870222809771
26,28,0.4808012295724571
26,30,0.6599680388581616
26,14,1.9250355851214611
26,32,1.0173897894907216
26,36,0.30208755630756146
26,24,0.7100626368766992
26,0,0.21225933014956683
26,6,0.9408490359618795
26,18,0.8092318467139482
26,12,0.966553944567345
26,38,0.9055835639258475
26,8,0.8432281536937541
26,20,0.41455619900366425
26,26,0.19390564353490825
26,10,0.7577542023609596
26,2,0.7319433858945952
10,34,1.2245681706726101
10,4,1.6500210793508032
10,16,0.3827773969406943
10,22,1.2028140193344123
10,28,1.79682657725015
10,30,1.808386155454692
10,14,0.6480630854592166
10,32,0.7214796186260191
10,36,1.021481715756135
10,24,0.47823908257898523
10,0,0.40583985689463375
10,6,0.9992309536402282
10,18,0.6538050737930636
10,12,1.330948235157174
10,38,1.222900165568255
10,8,0.892849098559856
10,20,0.47246426974744704
10,26,1.1340188358971313
10,10,1.197070441867731
10,2,0.19112781413168506
2,34,0.9655523858953291
2,4,1.240207023005102
2,22,1.3236440888815098
2,28,0.5631291794551452
2,30,0.8689923770481214
2,14,0.3586501020745984
2,32,0.6228435348234209
2,36,0.7511104817020465
2,24,0.2054432554921925
2,0,0.37564745067513433
2,6,0.4523063595545932
2,18,0.17869172273685802
2,12,1.7814286599414149
2,38,1.435560734346689
2,8,1.2543359481885632
2,20,0.19536198383379078
2,26,0.8371626170616717
2,10,1.005177691161791
2,2,0.3845576741945454
