13,34,1.338342394104302
13,4,0.6105980303420222
13,16,0.47036994182348624
13,22,0.20728291983078911
13,28,0.8845452027574551
13,30,1.0129105097106397
13,14,1.1801451632664772
13,32,0.8920118492739781
13,36,0.9653479450389293
13,24,0.2628408407073388
13,0,0.06567292025474601
13,6,0.8657452302060704
13,18,0.5184071868258455
13,12,1.627616617052876
13,38,1.418878793427241
13,8,2.3237252243317035
13,20,0.10058615497264822
13,26,1.2126260045661805
13,10,2.1533578519818595
13,2,0.5162171915940159
19,34,0.6995263653932757
19,4,1.4035729078688688
19,16,0.28509135293803894
19,22,0.5855648644476681
19,28,0.004932701258928219
19,30,0.34434738588930375
19,14,1.132163767049444
19,32,0.1271495913429654
19,36,0.4740578050727576
19,24,0.5003920376823969
19,0,0.18071584157922235
19,6,0.4299736354138809
19,18,0.43750735745983893
19,12,2.4066112287496186
19,38,1.3237948520645957
19,8,1.0120828188262778
19,20,0.19782205733226793
19,26,0.3965122610421921
19,10,0.8192320757966285
19,2,0.6007229683826782
39,34,0.721778624133151
39,4,0.2919349497769939
39,16,0.29873064634004953
39,28,0.360258565408259
39,30,0.49361841681312346
39,14,0.8348439643345346
39,32,0.374145649792534
39,36,1.4965005113779348
39,24,0.0864660072720412
39,0,0.004123046157526608
39,6,1.001106759192376
39,18,0.425050369120013
39,12,2.0196171733459316
39,38,0.21478569223020821
39,8,0.6646859613588141
39,20,0.47198635305184367
39,26,1.3129398504462308
39,10,0.3951944712803675
39,2,0.16990531917746626
15,34,1.1927283713483376
15,4,1.0408394640033074
15,16,0.6499560597097869
15,22,0.5990956157508147
15,28,0.8254784429513307
15,30,0.7783531362872494
15,14,1.4799576941711388
15,32,1.0796457395581815
15,36,1.3658099945716666
15,24,0.09394272996955717
15,0,0.3565246633429813
15,6,0.6531133607598179
15,18,0.6195154769512067
15,12,1.2605192178854099
15,38,1.1592248433237944
15,8,0.9924341061416613
15,26,1.2285966972461035
15,10,0.41189425990926365
15,2,0.5631638378725947
21,34,1.764325654334867
21,4,1.822012861401436
21,16,1.1867687504234306
21,22,1.1545510855515144
21,28,0.2708567260380916
21,30,0.2270561720157684
21,14,2.3104152891630227
21,32,1.3995958279160265
21,36,0.7220487514756366
21,24,0.49029028303172706
21,0,1.141717395307538
21,6,0.18546639313033997
21,18,0.3663411677845142
21,12,2.7457784876352123
21,38,2.886842591222989
21,8,0.9570774015811565
21,20,0.4655502706381513
21,26,0.5581154972589695
21,10,3.0359208234672947
21,2,1.1947901374949779
25,34,1.8268116341084484
25,4,0.48800058373978494
25,16,0.7919304351664631
25,22,1.6378936511442452
25,28,0.4279652945384954
25,30,1.981409123480827
25,14,2.2688005174690247
25,32,0.9408111067044089
25,36,1.4391947114686694
25,24,1.0468606818099215
25,0,0.4357087168645444
25,6,1.6551529341077351
25,18,0.35980484363092496
25,12,2.388897932480691
25,38,1.5184523080657375
25,8,1.0898113399748555
25,20,0.17646014295461862
25,26,0.47300829595574534
25,10,0.8955156636182684
25,2,1.3406454402972952
29,34,1.1929750090331204
29,4,2.029081059182593
29,16,0.30948946643804237
29,22,1.1122247912737726
29,28,0.9782410212305638
29,30,1.0734925565498146
29,14,3.125405266792726
29,32,0.9158025539508321
29,36,1.521519067289125
29,24,0.16537206619153982
29,0,1.2743363785713173
29,6,0.53860954592512
29,18,0.8811530679367269
29,12,2.1904389818767633
29,38,0.7350169967362475
29,8,0.4014179530826565
29,20,1.0338848513477639
29,26,0.7387912392218899
29,10,1.987601903120379
29,2,0.9620629462414665
11,34,1.4028163882774431
11,4,0.9493069223242043
11,16,0.7882077735804442
11,22,0.6808736822901293
11,28,0.4246059582516672
11,30,1.0561828690229382
11,14,2.1484963162838335
11,32,1.7186088901869745
11,36,0.43387274054789543
11,24,0.3497606303212912
11,0,0.49873356974127625
11,6,0.9630128729374008
11,18,0.2879359901157065
11,12,2.12787539715573
11,38,1.3242518529597413
11,8,0.817096339621482
11,20,0.20469819311320564
11,26,0.6029850877528113
11,10,1.0862339078230046
11,2,0.9506348445113093
35,34,0.2709647477491078
35,4,0.9886996857633268
35,16,0.8280717834813849
35,22,0.08521088934032849
35,28,0.8032881749702
35,30,0.044604336779902616
35,14,0.09558775940870579
35,32,1.0450050666236252
35,36,0.8376433787878563
35,24,0.5375718324075617
35,0,0.19015602790864483
35,6,0.48492158364742727
35,18,0.06361627969344863
35,12,1.5297887875242844
35,38,1.5138875212982437
35,8,0.22843352521570714
35,20,0.5580580014074268
35,26,0.3882281567040868
35,10,0.1551061934389751
35,2,0.2660627305531169
27,34,1.2085946555666278
27,4,0.990426898903338
27,16,0.2271056461842006
27,22,0.9933138966270973
27,28,0.20819472349897478
27,30,0.555927232236251
27,14,1.7994666264691737
27,32,0.07354227928235352
27,36,1.2723742337428128
27,24,0.3484305250453535
27,0,0.37000187857507255
27,6,0.3435899347529443
27,18,0.11691878959568418
27,12,2.2161372488831175
27,38,0.903990990578232
27,8,0.7128211720767288
27,20,0.590080089361234
27,26,0.6307569023740167
27,10,1.7853963104647714
27,2,1.6839037979536133
33,34,2.02968795913291
33,4,1.4995930145600225
33,16,0.12718025802241487
33,22,1.5632013255877149
33,28,0.4918085579089527
33,30,1.2152710202604764
33,14,1.1453377932179478
33,32,1.9853020590099328
33,36,1.181997640269554
33,24,0.5806702860577573
33,0,0.05717917743878417
33,6,1.1604534806452813
33,18,0.6541071914430407
33,12,2.438132158434821
33,38,0.5588755165732362
33,8,1.6265956482979176
33,20,0.17796048081025728
33,26,0.9779106382186825
33,10,0.675045188489129
33,2,1.0030274164551383
37,34,1.20125655767767
37,4,1.4548170677276047
37,16,1.1429266148001156
37,22,0.6542118540464332
37,28,1.5062770812670498
37,30,0.7510012571949454
37,14,0.9796663750897079
37,32,2.542336947388727
37,36,1.0148030849044967
37,24,1.0173532522341
37,0,0.33593154612640275
37,6,0.8121874445518564
37,18,1.1473375569277477
37,12,0.7843021757504026
37,38,1.6560727101070547
37,8,0.293285141055701
37,20,0.3596486500179835
37,26,0.42695865825196216
37,10,0.9512303091788676
37,2,0.5349560741775705
23,34,1.487265668216267
23,4,3.0648966100915653
23,16,0.9343897028130933
23,22,1.3563610671948771
23,28,1.5713778766731323
23,30,1.668686740486889
23,14,2.902726583982044
23,32,2.790571523149347
23,36,0.6159184935196884
23,24,0.5418331514973556
23,0,0.2688059976165188
23,6,1.673639277653523
23,18,0.7882899952018909
23,12,2.542790728223871
23,38,1.088000653634313
23,8,1.4412172845106426
23,20,0.41641966043443124
23,26,1.4605165957712118
23,10,2.2080774626961257
23,2,0.9112513685206083
1,34,0.9254802172336176
1,4,0.46292978530955065
1,16,0.939727469382251
1,22,0.43867926837569515
1,28,0.9036374532453741
1,30,0.83499099202766
1,14,0.9430396831813698
1,32,0.913729206593017
1,36,1.3368171880450102
1,24,0.2342042502103898
1,0,0.31411482390468026
1,6,0.5054338253588201
1,18,0.06494581906250277
1,12,0.6303113885313911
1,38,1.3933867393110857
1,8,1.3747227990073103
1,20,0.08435967177968313
1,26,0.9365710015637265
1,10,0.3290215045556946
1,2,0.44223055640906117
17,34,0.7753461834391788
17,4,0.5472726741938589
17,22,0.9068094286782774
17,28,0.4855177685635886
17,30,0.4713538179134812
17,14,1.3563569771324528
17,32,0.6716957419838542
17,36,1.2772251439299478
17,24,0.19417804947866352
17,0,1.2992900714425077
17,6,0.0848713120061484
17,12,0.5551629179875235
17,38,1.1894549949339064
17,8,0.7404898974427191
17,20,0.025432350693959965
17,26,0.6394739641835143
17,10,1.2263417906605398
17,2,0.5124586353863024
3,34,1.9730156207074185
3,4,2.056311556857822
3,16,0.711507682617442
3,22,0.9632642277718427
3,28,0.4447277232362703
3,30,1.1777810516202742
3,14,1.1864637649142953
3,32,2.8555788014730337
3,36,0.6316610885956043
3,24,0.42675773147882845
3,0,0.7759846139044152
3,6,0.4824541383716517
3,18,1.4376250375014268
3,12,2.3020168012338873
3,38,2.695740576187709
3,8,2.2909332973359295
3,20,0.2731682305618082
3,26,0.746340933430857
3,10,1.8551593807938263
3,2,0.7852831811192176
7,34,1.0116398628254273
7,4,2.7815882753945833
7,16,1.291683161067695
7,22,1.8818252912574382
7,28,0.6238576076853825
7,30,0.6011445348943988
7,14,0.751723466032281
7,32,1.638110873970716
7,36,0.4848510582457345
7,24,1.0067544179416108
7,0,0.36803404150620006
7,6,1.446633769701208
7,18,0.7609577842706864
7,12,1.2748039100540607
7,38,1.1703455858462928
7,8,0.4225665761116918
7,20,0.6657509748228597
7,26,0.2637595834808724
7,10,2.3981883767203405
7,2,1.125943792160939
9,34,1.770262074328996
9,4,1.0615675474150181
9,16,0.6242295263295939
9,22,0.3488205090111316
9,28,0.6445452383639843
9,30,0.46737394880315614
9,14,0.6425876175788934
9,32,1.8820880574950103
9,36,0.054874441892906425
9,24,0.2730805325821698
9,6,0.5597154529716276
9,18,1.4193335928230497
9,12,1.7712858060509622
9,38,1.1042965749924691
9,8,1.1026054940022612
9,20,0.6049405723701318
9,26,0.4283852198159366
9,10,1.7006199191352267
9,2,0.7186739028428104
31,34,2.091925580151382
31,4,2.5340221054721477
31,16,0.774291729402893
31,22,1.6090922568751
31,28,1.4587635304260955
31,30,1.0039468665661015
31,14,1.6455890559530109
31,32,1.955147825403939
31,36,0.9538637932660585
31,24,0.3197401109368709
31,0,0.40312514396876964
31,6,2.1595362605183586
31,18,0.7275162387495889
31,12,2.4954063830830147
31,38,1.0137007661691702
31,8,1.3470045501769377
31,20,0.8310232513928676
31,26,1.1027683456543143
31,10,1.931416421894372
31,2,0.8257488315394839
5,34,1.3159123268235964
5,4,0.7850755594827898
5,16,0.5690016406101537
5,22,0.37759229525583043
5,28,0.5785848228776664
5,30,0.513589571685105
5,14,0.9865025747619914
5,32,1.2069920518469552
5,36,1.0572805248544068
5,24,0.2786216813936646
5,0,0.7080046341733914
5,6,1.0506811413131512
5,18,1.0775239250978905
5,12,0.5589361809004028
5,38,0.9664395213979806
5,8,1.0511637825885116
5,20,0.35719941321320475
5,26,0.7453868618213996
5,10,0.7678375942526314
5,2,0.3164112633314557
