34,39,1.153497006382679
34,13,0.5709250261746974
34,19,0.9407716383525236
34,15,0.6471534561610626
34,21,0.503512525986834
34,25,0.15777848366079242
34,29,1.3300623083868541
34,35,1.139695636786542
34,11,0.3543376971775135
34,27,0.8199823510640352
34,33,1.6720595899391273
34,37,0.35954357633066314
34,23,0.375334998789362
34,1,1.3594730734468552
34,17,1.464559559849675
34,3,0.6220060336887127
34,7,1.643032646354984
34,9,0.6632390544263685
34,31,0.9338006225411922
34,5,1.0353971076316084
4,39,0.6102768964713019
4,13,0.9671330638643543
4,19,0.06176984108733885
4,15,0.7853643023197747
4,21,0.5517036364378046
4,25,0.2815817407445247
4,29,2.034659784345564
4,35,0.06715047651354368
4,11,0.31726412365750295
4,27,1.140581899783446
4,33,0.8941283616872854
4,37,0.009410015759965057
4,23,0.24908930510783314
4,1,0.9261306512408561
4,17,0.9680323063105574
4,3,0.5770443010864866
4,7,0.5852863499475724
4,9,1.3767503416129123
4,31,0.3906773556978051
4,5,0.4277201854320771
16,39,0.3597539361084219
16,13,0.5885380423064664
16,15,0.39488832514481575
16,21,0.2628887369676921
16,25,0.28380175872091623
16,29,0.532409665845632
16,35,0.09001339803244394
16,11,0.4262563905335437
16,27,0.06861531733099256
16,33,0.7550295239801286
16,37,0.07196719866541954
16,23,0.5495435326461919
16,1,0.5374643931342538
16,17,0.46183615376403797
16,7,0.5714131640187065
16,9,0.9378299762518865
16,31,1.0454418488857535
16,5,0.5914129060003082
22,39,0.6626306259955799
22,13,1.3845091510870537
22,19,0.40425016891051985
22,15,1.908684482224455
22,25,0.05486725462609353
22,29,1.424798207023671
22,35,1.368097426758043
22,11,0.625287504394153
22,27,1.1751132354640428
22,33,0.7315379348363419
22,37,1.1148431722299423
22,23,0.18291167137794825
22,1,2.6354466533777505
22,17,0.5789617754938642
22,3,0.09176987197778448
22,7,0.35090066355913285
22,9,0.5357734430646964
22,31,0.6687244716100872
22,5,0.4324260705701417
28,39,0.3373997981607903
28,13,0.851284882142465
28,19,0.19034993067071132
28,15,1.1233606751241332
28,21,0.22943217406816396
28,25,0.303928796754907
28,29,0.6088196751124231
28,35,0.41320644171777665
28,11,0.9653963328304253
28,27,0.9733683517497425
28,33,0.9326476210300707
28,37,0.10432245046103585
28,23,0.5319901324544762
28,1,1.6611141324353624
28,17,0.650931344154115
28,3,0.27235256125818263
28,7,0.05230635229034663
28,9,0.43545847643629787
28,31,0.5415275141713145
28,5,0.03359636584406882
30,39,0.15128725036620114
30,13,2.0286855465699065
30,19,0.7105416820491811
30,15,0.6607120788522425
30,21,0.5163213341976567
30,25,0.06009019579259472
30,29,1.0606286461606413
30,35,0.2036035195304653
30,11,0.3164267131358671
30,27,0.5643565296777583
30,33,1.1404570742542521
30,37,0.740209322227812
30,1,1.2200675302945165
30,17,0.1989521459406702
30,3,0.5940040710397608
30,7,0.4038823480508624
30,9,1.1413208972450564
30,31,0.4593756945229524
30,5,0.44014586672078027
14,39,0.776910000174977
14,13,0.7199008064563986
14,19,0.745510645394964
14,15,1.5043064627886977
14,21,0.026931133209208064
14,25,0.42655202914484686
14,29,1.6946633157694675
14,35,1.5369242964590197
14,11,0.9293704537311415
14,27,0.583560023035188
14,33,1.5714581268996648
14,37,1.2614588839948997
14,23,0.7860382597531979
14,1,1.268116560444876
14,17,0.6478002770250417
14,3,0.2928218438465166
14,7,0.7611640175786937
14,9,1.0198128001007842
14,31,0.413704812868794
14,5,0.5556118760730585
32,39,0.507853433238265
32,13,0.9811809412690081
32,19,0.5346500136862484
32,15,1.1328393809207704
32,21,0.5325754480157162
32,25,1.0955045355746147
32,29,0.37551070119970226
32,35,1.0690839169183564
32,11,0.7167318668460065
32,27,1.639378319784058
32,33,1.082048462024577
32,37,0.11447169144137803
32,23,0.3032366507517945
32,1,1.8314350847197574
32,17,0.3583368213568626
32,3,0.2881676880088301
32,7,0.6963308948941158
32,9,0.024058952235769628
32,31,1.3527656158927344
32,5,0.9280829256394979
36,39,1.398387668849966
36,13,1.224603341811495
36,19,1.051182703286548
36,15,0.9310521959806054
36,21,1.0287846833035048
36,25,1.0046184471192992
36,29,2.0730174253366127
36,35,0.9808398985558573
36,11,0.2624950598765228
36,27,1.387061354038151
36,33,0.7023091908355832
36,37,0.6933059906068237
36,23,0.5170920484762732
36,1,1.7968885091708122
36,17,1.6565942396373914
36,3,0.9587012266588909
36,7,0.7746370217312654
36,9,2.1753509316569293
36,31,1.4199093663685063
36,5,0.6819696220301178
0,39,1.4628562787281496
0,13,1.7729814886053235
0,19,0.4680690362506731
0,15,0.9943813799297339
0,21,0.4647514308416139
0,25,0.647458276753496
0,29,0.6432225717891759
0,35,0.6024535475446153
0,11,0.5678979955838914
0,27,0.02308526770757674
0,33,1.3239882768394344
0,37,1.225973849007529
0,23,0.1296644382163595
0,1,1.4016424081227181
0,17,0.3307377009852617
0,3,0.0028746304326344365
0,7,0.740145504506333
0,9,0.5831522756544169
0,31,1.4932339610067398
0,5,1.0412087622991755
24,39,0.5263353969701158
24,13,1.2122220604133644
24,19,0.4713698420109202
24,15,1.6548870524087407
24,21,0.33725249569942295
24,25,0.42515063338669673
24,29,1.3412111616654934
24,35,0.26435973113639366
24,11,1.4364038068805893
24,27,0.6918543160367328
24,33,1.393941256729401
24,37,0.6130751315667324
24,23,0.8009394975081878
24,1,2.5217118573652937
24,17,0.4028356072504551
24,3,0.9983832901402401
24,9,1.5058492201161395
24,31,0.763010794987612
24,5,0.788331804505342
6,39,0.8226812984185672
6,13,1.9897958317171487
6,19,1.3674394114787671
6,15,1.5914029426328204
6,21,0.7358795214885931
6,25,0.5480992210688977
6,29,0.6126868113986115
6,35,0.6081010070110383
6,11,1.7123397618273377
6,27,0.8028038552297081
6,33,0.7757975208711905
6,37,1.434070435619567
6,23,1.1593084745933973
6,1,1.9374172692317033
6,17,0.48539163071318303
6,3,0.0011913515294401794
6,7,1.0242847090758955
6,9,1.8094827142422907
6,31,0.02305620109495037
6,5,0.12513544371824664
8,39,0.7094008610921885
8,13,0.4561175047630058
8,19,0.5014886696877293
8,15,0.7245273585655216
8,21,0.5271183669157273
8,25,0.6579178402848443
8,29,1.6789591054807205
8,35,1.8194311994948462
8,11,1.4554041915619886
8,27,0.8901009304665601
8,33,1.9063371691984976
8,37,0.1208292973281064
8,23,1.7210208761506998
8,1,1.5613995143120074
8,17,0.9838852859517028
8,3,0.5846631958227438
8,7,0.4211144182036296
8,9,1.178553289558764
8,31,0.8037214140362741
8,5,0.30689573083729893
12,39,0.7646969640722382
12,13,2.5425274268284723
12,19,0.8229749581172341
12,15,2.425509119263863
12,21,0.5713140633066248
12,25,0.8432799356406785
12,29,0.8068547042616839
12,35,1.313864512181076
12,11,0.7047943113651451
12,27,2.7211342766446767
12,33,1.6184092241704824
12,37,0.5671024957372602
12,23,0.7154765447316187
12,1,2.1277705982506157
12,17,0.18674467489680951
12,3,0.788774556286869
12,7,1.4626380106864536
12,9,1.4756024696915504
12,31,0.6693783058296263
12,5,0.9245710015282251
38,39,0.5644968985403473
38,13,2.973699240899842
38,19,1.0807630321284605
38,15,1.5710920747381847
38,25,1.5740516087145435
38,29,1.6918844213334643
38,35,0.579988773584313
38,11,0.8778303600790525
38,27,2.263968744981933
38,33,1.5923715894562114
38,37,0.522701750911893
38,23,0.4031157909747025
38,1,2.9506639209496375
38,17,0.34065920672630157
38,3,0.9631730825489889
38,7,1.3031151246594992
38,9,2.076490967554646
38,31,1.7468493215746705
38,5,0.437800396464494
18,39,1.730885703400871
18,13,2.7002844634075176
18,19,0.8283268895736774
18,15,2.2874715452433683
18,21,1.1657810182845787
18,25,1.0183743627430777
18,29,1.2636749955584718
18,35,1.1329867999597623
18,11,1.6154004442891399
18,27,2.415430434462492
18,33,1.3082960261906176
18,37,0.6654729908396917
18,23,1.1157631483264157
18,1,1.2741192718024268
18,17,0.8848970044485372
18,3,0.6505675147307577
18,7,1.1290499601645008
18,9,2.3495862426895173
18,31,1.9045859533448513
18,5,1.3259698437342906
20,39,1.0329218600383345
20,13,1.6634354140956387
20,19,0.48390966001013547
20,15,1.9608306954966432
20,21,0.5610929785982719
20,25,0.7834297956119616
20,29,0.3712306428589885
20,35,1.694246291393018
20,11,0.7353322221353982
20,27,1.4080961683199573
20,33,0.6064230844470666
20,37,0.5552898228295426
20,23,1.171128724682048
20,1,0.7961311028606926
20,17,0.21295974057724562
20,7,0.9882600431667856
20,9,0.7379976674405604
20,31,1.3551925232746966
20,5,0.8650098868758238
26,39,0.11261680008428931
26,13,0.3636675635472591
26,19,0.3527617352958198
26,15,0.6311657281043207
26,21,0.14992488514404712
26,25,0.4028965068942554
26,29,0.35601386914631405
26,35,0.2857612675991832
26,11,0.4148490761875854
26,27,0.4446842354368209
26,33,0.6450449858114248
26,37,0.10929908839557113
26,23,0.2459535754418405
26,1,0.40399016944851995
26,17,0.45354688962962825
26,3,1.0070749273461794
26,7,0.9770711138788943
26,9,1.049786385727992
26,31,0.17918554505802148
26,5,0.3862172668159192
10,39,0.8279693543233215
10,13,1.0929040707501931
10,19,1.5443642313152324
10,15,1.5636859239939578
10,21,0.5520242338744322
10,25,0.4312750572895264
10,29,1.5708945557426819
10,35,1.2766718927130114
10,11,0.5033850220708797
10,27,0.8926396725926199
10,33,1.3204058902795026
10,37,0.7634461110512499
10,23,0.5284879515560279
10,1,2.3305935267965903
10,17,1.4275391802865167
10,3,0.8872214946851342
10,7,1.3885503847732101
10,9,0.5682927350046687
10,31,0.8239856284446281
10,5,0.8071207955947823
2,39,0.4253598316968402
2,13,0.4044046295133519
2,19,1.009618204040685
2,15,1.3222137519640953
2,21,0.33436030437754727
2,25,0.43505820126265293
2,29,1.2171205076986176
2,35,0.3047600210307967
2,11,0.5125504860436527
2,27,0.7137507609587194
2,33,1.3790821721312327
2,37,0.1376852724044353
2,23,1.383920869190057
2,1,0.6411030097514104
2,17,0.6857028778412095
2,3,0.9039133612825074
2,7,0.9560465140851111
2,9,0.5057938246009138
2,31,0.5887231814327545
2,5,0.5346368046157216
