13,39,0.2605025730536911
13,13,0.4214220779024118
13,19,1.2405249619458896
13,15,1.0404393755742973
13,21,0.46478337189659696
13,25,1.265057655648226
13,29,0.8025655660329828
13,35,0.6640520322909349
13,11,1.6463893715566076
13,27,1.006479217180214
13,33,0.25258349105286454
13,37,0.13167056847470082
13,23,1.0662260201752214
13,1,2.075739421182708
13,17,0.2838286603601309
13,3,0.09011213449327327
13,7,0.5426802824915227
13,9,0.9124879674590696
13,31,0.9460238237260388
13,5,0.3418436902612948
19,39,0.04201598975222183
19,13,1.6641746755001796
19,19,0.23830130946848935
19,15,1.1133466540233237
19,21,0.9642680116439146
19,25,0.22835592404334448
19,29,0.28422054404238273
19,35,0.19044342337807849
19,11,0.4155987407290459
19,27,0.6190089899410205
19,33,0.5413115775298909
19,37,0.006380034999853823
19,1,0.4364284177551464
19,17,0.8451883115595639
19,3,0.21793828409347443
19,7,0.3531904971117778
19,9,0.9126878430414849
19,31,0.502392785042234
19,5,0.17403910978267145
39,39,0.17163921234717108
39,13,1.5003026438840776
39,19,0.2916642462219166
39,15,1.7219140304706388
39,21,0.04401434831281798
39,25,0.3966015689615286
39,29,0.22271549828646436
39,35,1.0807084774862352
39,11,0.2348652692621337
39,27,1.6848285057029198
39,37,0.21527999701844597
39,23,0.3213683394839249
39,1,0.7900154970777848
39,17,0.3038690130240831
39,3,0.05484097362706715
39,7,0.2669893044824934
39,9,0.7970905749202062
39,31,0.8185085068847604
39,5,0.5516643999192643
15,39,0.6971245828426121
15,13,1.1716243931825514
15,19,0.8863910758602618
15,15,1.2503481688585087
15,21,0.009659858435464607
15,25,0.5423586746273931
15,29,0.8960383770952812
15,35,0.9706538847467872
15,11,0.4939707395492928
15,27,0.974871802057651
15,33,0.6028470723685913
15,37,0.3952902310215023
15,23,1.0027314269463734
15,1,1.4048670303068316
15,17,0.2535047842657641
15,3,0.45391299220684866
15,7,0.661230624817279
15,9,0.6568288414719021
15,31,0.7905477967662419
15,5,0.2250213768063051
21,39,1.4110183293609069
21,13,1.5031124717593838
21,19,0.5869168983443885
21,15,1.169591254130739
21,21,0.767741217438023
21,25,0.9513314026340888
21,29,1.6089489376746906
21,35,2.5310949016595607
21,11,0.6516357965959277
21,27,1.2933434070049081
21,33,1.6185599405749702
21,37,0.7729977043388636
21,23,1.5820257614189324
21,1,2.5570473541710568
21,17,0.7746688145325713
21,3,1.151710105322536
21,7,0.988952501936197
21,9,1.3262845962768686
21,31,1.0631462621097607
21,5,0.5743275256285544
25,39,1.0509116946450197
25,13,0.8758866417224427
25,19,0.87052113438964
25,15,2.4960723601933537
25,21,0.5491264358515592
25,25,0.6476180445879458
25,29,2.5670399115907667
25,35,1.4600952758694596
25,11,0.247844042098525
25,27,0.9567380381644961
25,33,0.7525784669240112
25,37,0.1729970603290086
25,23,1.509219963844642
25,1,1.9434089834279067
25,17,0.7087271982590935
25,3,0.11103616081158184
25,7,1.0227431073692759
25,9,1.2203915935715914
25,31,0.15623388220370102
25,5,0.0626696410846297
29,39,1.1396249772269282
29,13,2.8089496764985675
29,19,0.5855840702863108
29,15,3.014500486305315
29,21,0.612989823710856
29,25,1.3495052030859125
29,29,2.095649882505267
29,35,1.5007966008930758
29,11,0.6814407797352555
29,27,2.3917874245888866
29,33,0.6941034378567097
29,37,0.6414002799010452
29,23,0.6988380269974439
29,1,2.548424883395688
29,17,0.7667362211772386
29,3,0.7552536508329458
29,7,1.6007408932562308
29,9,2.392684695260044
29,31,1.227047958568096
29,5,1.1289039206050864
11,39,0.4668148996220258
11,13,1.7715232544584048
11,19,0.2361579936075507
11,15,1.4810671283682324
11,21,0.022934384873207644
11,25,0.3465067637940576
11,29,1.2686332528571949
11,35,0.48772640197926165
11,11,1.029374371030706
11,27,0.878409851415
11,33,0.4881740460243525
11,37,0.12131092586848674
11,1,0.9232311505270991
11,3,0.6242619111112705
11,7,0.2545749418897869
11,9,1.2786585579055618
11,31,1.1373555428747668
11,5,0.3178670351984922
35,39,0.4630377412396797
35,13,0.6909721280033634
35,19,0.10117813576771573
35,15,1.6415202475381427
35,21,0.6607231157236798
35,25,0.435848658317135
35,29,0.2570939536144439
35,35,0.5648675125006604
35,11,0.08242272951022653
35,27,0.860625643971102
35,33,0.5842050664030276
35,37,0.01146115758049643
35,23,1.2887066942357013
35,1,0.6383074219152028
35,17,0.07508307229245233
35,3,0.5166291284911582
35,7,0.8915564497224564
35,9,0.3287237517174362
35,31,0.6019592925920603
35,5,0.5456173655003231
27,39,0.8812670360725154
27,13,0.5767682070317078
27,19,0.35366409702570545
27,15,2.372808558660419
27,21,0.867286799148528
27,25,0.17315094687967628
27,29,2.412612731127914
27,35,1.2994221317403287
27,11,0.7539115785616346
27,27,0.7398645289290724
27,33,0.824852891159843
27,23,1.8187185416907754
27,1,0.9000161500991501
27,17,0.37656331853363934
27,3,0.3719561140330818
27,7,0.4077513311661676
27,9,1.3384665168425005
27,31,0.09997823933443813
27,5,0.9331819174057285
33,39,0.8043634232194165
33,13,1.4566929935385309
33,19,0.8424454478857296
33,15,1.6186930215071744
33,21,0.5074537381173865
33,25,0.1098013164904751
33,29,1.5143581896514287
33,35,1.2941415961325313
33,11,1.0162534159846914
33,27,0.8893534389286146
33,33,1.2596746113892818
33,23,1.3874754394608537
33,1,1.3892012096275952
33,17,1.2215506091911947
33,3,1.257050564375853
33,7,0.6357097161470369
33,9,1.0825674604316353
33,31,0.2308310762411075
33,5,0.5103816034442297
37,39,0.5349878573914051
37,13,0.7628516736642059
37,19,0.15742620561532467
37,15,0.8936643425326231
37,21,0.7131855352398642
37,25,0.7930969620837147
37,29,1.2295291222677194
37,35,0.898804203470922
37,11,0.4170538867419279
37,27,0.5260870751171385
37,33,0.49567501733951913
37,37,0.7530149959472884
37,23,0.9213802404721472
37,1,1.0943825324721566
37,17,0.5806203198588779
37,7,1.0542785096427116
37,9,0.683317321838909
37,31,1.0635542799214024
37,5,1.0327252007677066
23,39,2.793889685142334
23,13,2.5362879077796423
23,19,0.9769622045434405
23,15,1.5543932529827709
23,21,1.1718542844675865
23,25,0.9556811717360629
23,29,3.0084494498034493
23,35,0.7335090609006398
23,11,2.3815703404926674
23,27,1.8851090886577055
23,33,2.16733457337695
23,37,1.6458030390491123
23,23,0.5216278985394527
23,1,2.622959375513259
23,17,2.2943710603765823
23,3,0.01897092467800332
23,7,0.48842092705409734
23,9,3.211674561098034
23,31,1.7371067382256116
23,5,0.47069384248587764
1,39,0.9644659938054244
1,13,0.7696684996994364
1,19,0.995608892252007
1,15,0.9589224472109198
1,21,0.22057047362039853
1,25,0.011087624734393701
1,29,0.8905850323571989
1,35,1.0940179879149365
1,11,0.10359806467659419
1,27,0.028584985224833073
1,33,1.0179806664666484
1,37,0.9748286963799089
1,23,1.0067318679455433
1,1,1.4111684818505794
1,17,0.45533738558819287
1,3,0.03130126623910815
1,7,1.2576273488512564
1,9,0.2404198801753973
1,31,0.017819447378473238
1,5,0.054910040731094234
17,39,0.7128312349643519
17,13,1.1153283711038449
17,19,0.787366603474035
17,15,0.7513028351045288
17,21,0.0883138355800151
17,25,0.7672763961674561
17,29,0.9901079553542019
17,35,0.3576278221268479
17,27,0.9127555734453207
17,33,0.1637692287703769
17,37,0.05511616728243042
17,23,0.8879674518480519
17,1,1.047482957790587
17,17,0.2526576864612781
17,3,0.466873318679235
17,7,1.5691384835634898
17,9,0.7941051063502029
17,31,1.0203852610586197
17,5,0.2624724324942196
3,39,0.5037192134239692
3,13,1.3121396516976447
3,19,0.9161421659163269
3,15,0.24858842858608582
3,21,0.4375511143092333
3,25,1.3308361215562643
3,29,0.6777283418551378
3,35,0.7806743495007054
3,11,0.7598077974273865
3,27,1.6370238720239874
3,33,1.026324728944966
3,37,0.07240450239234376
3,23,1.577066375511546
3,1,3.6577786887396537
3,17,0.8690917075303075
3,3,1.015408178656024
3,7,0.9699809477628095
3,9,1.4237422434202132
3,31,1.188288673429338
3,5,0.14126680472467068
7,39,2.2904730988754785
7,13,1.4969409094399102
7,19,0.4563350810854543
7,15,1.443559200722854
7,21,0.9311925573366261
7,25,0.502788994840367
7,29,2.46583248432694
7,35,0.8909292513279045
7,11,0.5954000587445942
7,27,1.3390595409431734
7,33,3.5464203452770016
7,37,1.7798011560356295
7,23,0.4034750972393262
7,1,1.4981110185204356
7,17,2.1327915376312023
7,3,1.0686389076675868
7,7,0.7228612245010706
7,9,1.4245636246732687
7,31,0.969544082535428
7,5,1.5962004051529524
9,39,0.1381681757573382
9,13,0.1449256540264128
9,19,0.4527599458599021
9,15,0.17670645489281725
9,21,0.3101845741995663
9,25,0.428713709862688
9,29,0.8217046093833711
9,35,0.37544868680844706
9,11,0.6412060859278115
9,27,0.4904754187766034
9,33,0.14857724279417256
9,37,0.8167877821802229
9,23,0.5504925684392733
9,1,1.255040608959459
9,17,0.4350000107308575
9,3,0.6777691858076822
9,7,0.13813638569024297
9,9,1.0937924195835342
9,31,0.21546000018585473
9,5,1.1835186857626852
31,39,0.8099895178226548
31,13,3.184831684805398
31,19,0.28900507666242137
31,15,2.036275167444973
31,21,0.2750159753642276
31,25,0.44346911670664363
31,29,1.3186958568031648
31,35,0.1405765042974315
31,11,1.3874388140491567
31,27,1.397718444227296
31,33,1.812051104125142
31,37,0.5148939729907688
31,23,0.10015434155058181
31,1,1.385165268440499
31,17,1.3873734931505683
31,3,0.5744671901368306
31,7,0.28407523133827894
31,9,1.5822513396637712
31,31,2.22588698226945
31,5,0.7315246917873488
5,39,0.8084753394922497
5,13,1.7008068186443615
5,19,0.4333520767291617
5,15,0.652078707253605
5,21,0.08639764615290733
5,25,0.734812298861599
5,29,0.1803906121597456
5,35,0.3167245705903272
5,11,0.2652851919166656
5,27,1.2471680050149363
5,33,0.9356028311473299
5,37,0.31269511436511177
5,23,0.2096818330247283
5,1,0.9176744105085588
5,17,0.7801404468165815
5,3,0.7648879648443102
5,7,0.9041506341304922
5,9,0.6183672961499077
5,31,1.1654998177196783
5,5,0.0677511282135831
